458 2040 391
154 188 269 436 20 420 294 451 47 166 89 271 327 261 94 333 398 203 149 83 425 153 193 252 159 60 51 454 13 120 284 336 257 87 443 442 128 301 182 96 380 22 37 280 222 319 38 431 322 264 232 41 291 31 92 226 79 409 167 205 56 86 241 370 410 198 63 447 355 177 36 288 419 362 283 129 350 347 343 119 29 144 187 248 237 165 258 109 4 299 98 435 300 91 372 444 267 427 277 406 358 368 66 155 137 449 374 140 210 416 168 243 201 84 112 281 458 207 254 107 57 337 311 323 377 145 274 386 417 141 117 286 240 71 5 55 304 24 223 429 401 67 391 259 59 139 328 326 352 428 78 249 387 351 33 14 450 373 221 364 54 276 279 408 52 383 325 385 124 290 244 270 85 1 312 19 204 404 102 217 297 190 452 230 448 2 329 49 58 100 17 146 202 25 9 356 104 228 88 148 437 194 73 151 302 289 296 390 158 251 209 185 189 438 233 74 42 405 212 399 456 331 339 196 361 219 199 132 106 39 72 150 213 453 173 434 415 345 245 11 161 272 384 365 34 334 172 266 76 421 126 157 253 394 313 118 169 338 247 412 305 303 411 136 18 360 108 70 183 441 235 7 75 110 395 317 200 282 238 359 335 28 26 225 307 376 113 220 371 68 80 64 208 147 367 332 378 111 61 127 239 446 382 101 152 97 211 214 255 21 231 90 77 392 143 357 375 46 285 403 69 273 82 197 163 418 40 353 12 430 133 32 346 162 23 50 130 433 125 379 216 400 15 316 298 135 295 340 180 439 262 176 138 388 218 292 53 413 43 195 191 122 389 250 114 103 95 62 407 27 131 234 318 93 242 246 309 260 192 308 142 268 178 315 44 424 314 306 320 156 134
187 44
119 12
153 246
157 99
113 15
203 381
154 167
28 244
259 59
191 219
412 123
245 95
346 326
77 273
231 378
4 239
67 37
410 71
163 373
335 192
18 226
80 256
365 296
70 196
339 92
222 338
205 456
75 94
14 236
285 370
366 412
415 360
210 258
238 70
97 386
450 191
332 23
311 96
311 135
116 253
287 93
363 46
366 286
98 362
103 447
253 166
67 248
204 46
201 374
184 150
362 286
193 298
294 100
384 403
361 171
197 64
412 290
204 327
173 4
321 240
359 187
326 325
420 308
260 350
429 216
405 382
299 396
168 316
458 127
229 302
40 216
99 422
387 117
136 368
80 378
335 51
441 229
330 393
105 373
439 115
187 113
278 386
334 202
39 222
274 363
210 304
14 96
298 253
177 305
316 55
318 243
205 257
249 210
273 140
94 320
415 417
439 102
256 145
387 157
312 37
122 39
425 213
277 240
68 347
454 232
270 187
145 220
352 45
128 291
448 88
220 407
196 230
253 116
336 185
88 194
222 269
318 425
234 361
159 278
333 27
320 146
177 407
63 444
135 157
297 278
165 410
443 167
436 418
173 271
384 335
453 45
351 147
341 362
380 429
322 6
392 274
280 258
18 192
135 425
356 312
225 136
215 445
11 56
424 146
342 390
332 1
264 48
365 355
347 288
234 48
10 434
453 180
245 332
116 357
88 251
9 52
73 70
412 400
289 23
110 371
60 377
107 159
310 188
183 389
305 371
199 104
122 419
138 197
78 79
383 349
237 392
396 137
67 333
442 449
172 443
344 350
214 149
174 209
328 418
163 434
109 424
96 354
21 98
82 108
196 410
293 80
209 417
8 373
140 223
123 180
145 204
89 27
139 213
428 349
243 406
248 356
372 251
31 45
173 105
74 225
139 397
310 359
217 212
379 169
5 8
242 311
333 232
132 89
33 416
432 7
455 371
277 204
142 297
222 102
322 194
445 277
81 94
74 336
402 18
288 23
30 142
302 263
207 7
55 241
35 198
372 267
78 389
36 435
384 222
151 433
146 269
29 285
329 28
86 208
293 101
280 281
168 60
312 389
289 112
32 25
36 441
408 154
102 343
373 265
133 300
299 42
450 209
80 55
291 39
104 212
411 292
231 121
2 355
297 339
112 394
116 18
115 54
420 27
399 143
447 384
40 191
155 453
8 211
348 237
213 232
307 208
280 409
64 21
335 408
401 27
51 353
403 88
210 330
15 361
58 9
379 188
214 324
202 152
318 349
409 236
263 371
199 408
190 30
258 184
298 181
202 291
58 406
325 454
417 399
157 458
133 405
70 266
260 113
324 70
53 122
147 191
101 391
375 337
313 386
373 272
304 60
419 358
243 171
230 258
287 416
98 456
244 339
377 449
339 393
456 89
21 237
168 311
76 325
13 272
66 89
236 176
6 1
376 288
237 120
13 233
145 362
448 59
160 280
448 286
210 220
49 18
324 5
447 223
244 298
399 29
354 388
298 151
88 170
286 77
77 130
315 355
286 119
300 372
80 105
102 292
345 139
348 198
107 37
148 200
101 300
234 400
76 165
136 278
158 112
328 33
224 355
107 176
363 100
310 273
341 108
183 158
152 177
308 71
259 322
124 444
409 66
109 149
450 7
403 366
433 66
118 149
240 247
443 34
215 170
29 389
415 227
22 440
375 439
218 161
341 226
89 178
409 103
309 151
411 69
392 127
360 401
247 330
439 286
159 45
256 408
121 29
300 258
162 197
218 285
326 227
17 457
299 454
63 21
375 250
77 294
441 133
90 439
50 81
140 358
452 291
319 433
271 172
65 23
90 185
252 10
59 431
1 41
383 421
442 220
332 67
261 39
236 390
260 99
269 264
168 37
194 358
86 3
394 288
185 153
210 127
416 70
81 413
13 424
97 211
246 341
47 98
157 85
60 361
354 219
116 124
259 420
247 6
87 279
408 217
354 24
179 94
51 264
451 73
88 37
40 106
75 406
249 412
352 404
310 231
285 174
416 334
152 451
125 355
38 102
254 444
150 373
284 217
335 146
82 44
311 258
390 386
95 165
424 95
143 19
341 65
276 61
185 444
185 118
388 244
188 166
454 291
300 29
416 262
146 34
222 442
195 113
170 135
72 416
398 105
201 150
136 92
122 370
277 33
298 444
27 396
356 326
24 143
72 428
396 435
246 89
279 123
242 174
250 105
212 340
107 57
416 242
87 146
247 60
228 3
175 303
204 172
156 16
138 147
402 437
117 7
37 23
227 255
103 325
371 7
214 436
231 218
178 425
428 239
342 328
110 296
27 391
181 191
228 165
126 65
314 20
236 187
191 409
223 91
393 223
275 38
173 332
358 68
261 247
188 19
263 91
302 134
284 119
396 175
414 116
314 378
209 194
99 54
288 123
360 266
189 355
246 41
218 102
206 160
222 336
388 322
129 54
294 369
247 125
415 87
174 132
403 15
265 117
408 417
281 166
66 206
120 420
450 401
60 39
375 189
354 445
43 22
145 150
97 192
255 425
196 24
351 278
359 418
298 45
357 336
87 95
149 208
453 439
451 357
98 314
15 121
230 240
363 69
178 77
338 23
278 435
311 276
393 367
440 186
277 146
375 245
69 142
302 58
270 449
125 201
162 437
274 142
311 340
406 344
265 253
264 387
242 399
427 175
159 391
328 223
113 192
353 198
49 323
219 266
7 245
63 299
338 178
411 359
329 336
27 254
332 377
434 83
38 66
382 30
423 94
318 273
54 410
120 281
301 136
379 247
453 307
284 262
280 383
47 224
77 331
58 349
341 109
283 318
404 37
249 122
357 92
79 31
206 248
33 121
434 235
447 344
196 140
164 426
328 256
192 90
265 188
39 353
348 41
308 347
413 96
442 407
340 13
86 88
33 215
78 96
292 265
418 184
353 442
71 76
98 289
39 293
3 193
177 8
327 159
237 60
403 181
331 359
374 434
124 436
169 149
375 164
205 354
129 138
33 432
378 121
169 420
208 157
395 414
137 345
157 206
349 367
194 106
276 4
53 61
275 317
303 59
21 313
205 147
71 402
358 457
61 274
3 428
323 18
264 295
302 208
225 213
189 120
451 285
126 111
40 429
377 384
453 29
119 292
22 403
249 453
272 357
427 211
291 357
339 308
223 24
453 173
316 231
317 427
147 35
396 300
366 325
294 98
93 378
112 264
158 277
102 331
346 188
26 345
140 330
295 405
90 402
457 91
370 396
73 258
347 7
105 225
370 400
139 416
450 36
161 254
201 16
124 442
380 250
103 72
240 71
204 17
321 52
410 143
320 330
169 235
249 368
2 206
64 372
338 6
127 11
308 67
438 400
239 50
419 87
131 15
60 176
1 301
436 328
370 337
268 400
133 335
442 116
250 362
254 429
339 134
435 181
52 43
328 285
290 446
190 65
252 124
378 308
366 180
208 311
13 353
382 232
200 313
173 330
183 320
407 263
118 219
297 447
79 241
432 306
390 458
78 137
267 385
236 394
81 315
384 394
409 194
393 276
99 208
391 361
187 408
402 191
98 87
427 168
157 185
195 208
81 241
304 203
42 439
261 25
117 189
69 29
268 278
223 130
132 281
139 91
439 304
219 353
131 84
126 304
3 208
398 1
149 54
27 248
423 391
312 271
101 336
326 371
124 96
358 342
104 66
275 184
201 148
363 294
29 269
13 147
92 163
219 337
178 360
265 259
118 231
291 454
15 116
101 230
149 429
251 333
381 29
375 437
85 223
313 249
422 398
127 166
398 295
357 408
419 2
364 44
270 405
246 105
434 416
35 178
198 10
193 197
276 315
217 442
312 40
450 271
319 174
398 21
295 77
69 358
335 246
179 351
261 209
215 420
44 99
206 221
361 354
17 420
146 100
428 268
146 276
263 96
273 413
143 451
209 220
83 303
372 81
376 435
83 321
70 7
405 260
404 256
221 380
438 416
245 280
205 353
454 211
380 226
338 65
322 107
316 268
52 450
315 15
2 232
406 314
270 9
111 232
333 347
272 331
164 293
192 388
233 108
308 369
444 177
413 81
234 303
428 412
67 268
417 302
163 371
65 248
191 344
198 19
102 377
176 84
268 267
89 188
301 4
367 141
39 458
117 5
368 244
282 214
343 33
203 444
162 95
390 285
278 38
28 313
380 231
298 133
66 127
70 110
116 30
311 22
451 128
446 260
31 407
422 414
283 316
64 203
240 69
369 147
145 58
296 345
31 79
434 354
424 270
178 436
308 338
443 397
387 299
390 65
177 274
327 335
126 419
9 248
62 51
88 449
318 351
248 283
291 331
141 200
143 92
428 364
220 294
292 205
62 45
237 367
215 180
88 242
224 60
89 192
184 90
273 444
29 208
198 94
352 458
427 366
355 34
322 96
191 11
254 38
404 424
380 383
219 334
278 215
139 454
411 248
270 142
185 449
159 231
189 276
21 368
321 458
322 290
94 179
35 454
432 216
347 376
185 290
127 120
70 153
197 344
10 47
130 281
458 334
133 28
379 394
259 105
79 8
402 168
228 269
12 407
388 202
174 301
13 82
356 254
104 438
328 229
60 440
68 315
153 243
412 258
156 434
427 292
426 381
4 362
89 423
298 316
205 453
433 321
195 141
338 126
36 30
447 318
89 304
173 324
401 132
122 331
175 294
416 29
171 202
221 232
324 217
155 127
17 337
112 266
411 108
344 33
452 54
418 250
106 451
39 225
450 225
272 42
6 143
389 399
157 133
25 336
125 166
102 175
95 446
390 388
429 444
66 1
425 361
154 137
428 395
189 57
437 450
180 132
154 164
23 181
74 176
341 106
232 55
197 438
183 107
246 388
317 181
162 389
438 332
247 133
303 283
120 310
18 432
274 355
113 296
161 218
161 241
286 91
426 43
157 121
447 44
193 176
364 409
214 412
232 130
108 5
194 452
159 96
417 32
360 185
407 322
385 264
265 204
415 371
85 60
321 201
128 157
384 205
430 35
210 422
41 15
47 203
17 173
164 128
149 52
112 157
102 406
377 278
174 434
15 117
219 265
399 35
85 185
114 331
159 335
68 178
222 278
170 91
88 164
152 271
272 314
411 1
43 333
325 82
424 112
327 124
42 149
365 367
108 449
354 308
232 357
73 397
270 59
402 355
7 355
407 40
415 124
212 268
43 434
259 217
11 244
213 57
323 200
264 53
253 75
287 23
317 370
352 381
304 406
89 174
443 137
373 319
41 256
134 399
54 214
27 421
291 428
362 318
273 315
273 369
263 336
53 350
269 103
56 301
81 431
7 221
165 206
50 223
334 325
180 426
234 412
357 40
83 179
333 7
360 279
425 13
341 156
447 294
276 234
234 189
318 242
402 273
261 259
103 210
275 85
237 323
327 239
183 239
435 433
312 251
163 282
422 12
144 451
437 264
212 299
145 412
174 185
445 440
278 160
92 254
372 349
86 264
248 81
227 81
8 144
267 91
266 202
247 45
123 144
263 415
129 393
218 231
236 289
399 120
46 27
270 292
58 317
428 452
234 70
308 35
39 444
430 302
297 98
297 125
123 57
441 161
334 321
64 360
3 282
74 226
81 297
275 121
188 106
41 28
179 180
154 196
377 105
64 426
311 3
19 444
276 75
312 75
380 39
262 212
140 369
216 138
353 133
331 189
92 438
409 235
273 275
257 339
198 309
196 385
434 3
54 49
154 63
195 391
168 166
11 206
136 367
37 46
437 126
353 64
17 249
54 126
223 295
305 370
409 94
158 42
49 227
296 416
336 90
93 383
175 333
253 312
367 328
339 432
293 102
262 21
134 100
33 30
322 312
50 227
124 40
437 248
188 448
266 338
10 391
67 24
257 457
16 359
224 132
151 225
439 2
257 203
281 374
63 133
239 400
294 417
343 79
312 8
223 452
251 60
13 234
29 28
304 242
397 197
154 162
353 46
309 196
13 74
365 297
160 53
368 348
335 298
188 333
156 316
29 265
358 15
202 312
441 70
455 253
300 222
190 224
206 453
26 453
25 322
61 208
62 2
277 168
149 222
416 220
280 333
119 409
283 141
40 363
44 309
142 113
318 421
113 282
443 413
243 394
51 53
140 356
265 368
130 79
248 382
416 245
169 349
439 34
110 61
290 237
274 214
266 152
12 35
432 262
34 112
143 394
432 12
417 402
139 338
342 159
182 334
73 55
144 298
283 193
185 19
236 315
41 17
157 139
218 243
248 368
452 204
437 332
137 191
81 302
317 262
427 367
129 342
452 185
437 350
115 319
313 101
325 20
149 326
242 98
382 278
35 115
244 175
390 449
263 205
195 130
256 209
110 60
28 233
117 184
78 286
225 348
402 207
165 332
258 306
7 147
296 188
66 29
97 208
157 123
79 164
90 317
389 170
425 108
443 203
62 210
42 327
282 37
305 84
76 235
247 275
192 173
24 73
447 449
79 363
366 73
18 340
184 113
72 340
221 346
392 382
13 281
423 433
452 431
188 254
458 16
160 417
106 107
272 144
161 150
453 25
393 333
143 53
188 158
350 220
358 318
168 82
302 253
270 443
417 114
181 280
128 398
6 47
141 171
322 442
306 286
59 357
290 171
256 376
310 433
50 160
338 180
87 415
98 115
73 241
193 435
101 107
380 279
389 111
255 267
158 31
7 89
420 73
238 273
176 201
287 325
331 166
73 187
73 49
108 382
367 86
90 410
385 250
241 120
236 374
236 211
353 291
255 143
148 48
205 260
69 176
323 275
12 191
118 229
440 208
39 248
39 224
353 235
273 309
60 137
382 273
308 422
314 219
128 94
57 433
243 245
410 263
108 104
227 82
182 427
228 205
21 284
378 126
398 248
95 19
309 135
429 101
398 455
14 337
42 187
172 456
314 207
389 271
37 311
1 138
297 33
118 51
416 398
300 382
38 223
237 143
241 317
225 219
424 327
333 427
107 399
206 290
266 7
82 297
386 187
339 44
442 188
420 389
421 241
10 89
304 225
455 98
6 340
347 8
198 51
327 58
448 305
89 237
46 336
164 50
174 86
448 200
338 99
388 458
233 416
435 354
54 47
340 251
330 327
117 374
431 257
26 337
181 56
354 394
446 214
79 76
185 416
292 18
325 175
444 289
426 218
404 171
337 88
301 186
373 399
438 46
158 424
260 136
310 139
162 366
189 403
299 218
339 447
376 169
429 283
218 33
308 118
328 10
114 130
98 330
64 13
380 144
442 334
217 209
195 9
399 409
357 218
126 451
376 135
11 44
278 400
175 431
420 374
285 433
264 26
374 208
230 279
361 439
151 23
402 336
59 17
308 62
247 13
405 203
30 328
392 293
9 103
260 57
365 179
182 270
249 58
51 381
451 61
106 114
157 454
16 83
84 218
264 169
458 102
318 316
33 298
68 72
211 372
438 427
102 122
335 71
154 193
248 18
219 120
447 32
404 135
34 304
326 55
284 164
128 391
381 439
203 366
174 420
139 183
286 280
156 110
27 412
407 115
250 440
420 314
332 259
325 271
6 322
172 283
219 50
51 177
275 423
344 138
335 95
451 385
389 435
258 457
399 253
214 220
95 202
328 194
124 38
78 406
34 324
340 352
267 256
225 141
14 98
436 112
262 113
43 86
403 291
207 396
384 349
161 455
38 442
19 140
88 417
249 281
232 244
209 444
300 384
208 25
216 1
115 181
166 373
323 254
112 93
4 64
316 173
92 190
448 298
199 16
232 45
17 302
454 451
419 396
317 393
193 314
365 299
264 303
425 41
341 434
294 69
135 377
194 380
327 126
291 169
207 115
397 284
379 270
280 141
34 97
189 124
411 155
56 368
48 449
108 315
395 199
111 200
389 117
82 148
148 334
141 193
378 95
230 223
215 429
234 147
201 324
291 350
38 265
172 313
284 96
202 229
263 413
324 338
6 176
209 262
220 386
211 383
399 78
400 59
304 314
80 89
427 316
115 381
193 167
148 129
394 225
400 209
415 333
212 285
85 383
225 352
421 16
66 122
32 386
236 249
373 379
372 76
421 86
429 211
453 395
415 78
331 413
355 303
56 33
330 141
409 21
368 158
119 49
209 229
182 246
148 225
363 367
29 384
181 153
45 256
451 146
233 239
404 175
451 421
63 115
417 139
372 115
311 117
439 41
379 341
215 301
74 362
288 331
348 56
51 80
30 211
317 234
249 161
77 47
111 96
332 354
239 102
1 139
33 118
119 361
263 161
61 378
142 125
156 188
315 152
163 173
253 201
285 314
266 371
37 371
378 109
196 430
191 352
12 62
363 72
377 194
152 204
115 274
453 187
430 19
179 215
52 47
36 422
283 38
356 191
185 133
161 39
434 191
308 446
268 413
458 188
217 230
85 167
98 153
140 59
330 15
285 453
375 138
40 221
80 149
213 102
360 301
211 304
401 296
325 1
413 319
51 344
237 288
338 116
245 101
44 194
159 203
37 30
290 453
226 49
231 451
393 449
116 247
262 327
336 457
89 184
356 342
188 360
320 204
36 129
395 343
43 129
219 434
184 36
336 123
268 365
67 298
445 7
188 374
187 50
218 230
379 263
393 348
394 75
253 436
25 150
347 88
29 132
28 206
197 209
146 316
117 180
66 327
130 243
248 352
189 173
134 185
351 160
151 15
266 253
350 224
287 183
328 384
168 406
154 272
60 81
260 62
433 210
413 122
305 409
367 65
209 254
42 235
368 75
149 284
34 432
35 87
30 391
367 348
444 378
55 357
408 376
450 83
118 362
355 360
268 388
266 27
123 90
427 288
421 23
314 9
351 58
411 234
324 224
122 26
305 215
387 123
424 89
183 228
204 23
424 236
437 294
185 200
373 67
189 329
405 46
215 125
408 65
52 145
270 439
339 275
426 198
410 275
443 117
75 134
223 88
155 400
443 421
354 317
299 106
390 346
13 358
115 124
331 52
371 412
77 161
26 312
346 23
322 16
404 439
72 406
242 335
203 281
30 168
102 316
95 293
69 95
313 434
105 282
256 230
267 412
190 93
230 159
284 287
453 138
408 70
156 81
239 19
32 304
120 431
397 248
109 266
6 395
272 214
117 400
30 255
103 36
215 314
40 244
43 194
52 183
201 160
373 17
445 106
447 221
104 14
132 59
118 18
329 56
239 455
407 382
190 392
309 155
225 412
76 330
392 58
289 120
29 113
268 269
63 206
305 419
19 181
157 151
