495 732 490
212 106 159 438 91 198 36 455 329 261 276 169 129 23 180 120 358 462 479 20 345 31 267 141 370 28 362 475 350 291 412 144 128 164 207 75 357 96 327 72 377 341 405 432 94 191 349 328 359 332 352 119 397 175 41 161 376 2 51 271 48 52 9 215 319 469 39 351 239 249 166 468 460 62 273 356 56 219 209 140 32 154 88 472 222 436 50 402 449 343 408 122 70 365 474 299 390 194 315 289 3 145 338 392 197 314 226 66 363 168 111 108 381 430 423 317 151 258 150 278 280 492 99 95 434 54 242 92 223 270 330 418 433 284 444 400 19 102 477 199 203 101 447 187 254 30 213 396 484 282 17 123 153 294 379 71 321 290 399 113 233 55 121 98 125 326 253 34 456 45 137 240 160 216 493 384 85 231 387 221 104 344 464 491 136 287 256 495 383 307 234 22 248 395 292 304 252 386 371 286 265 439 162 459 167 406 117 188 260 176 105 24 246 374 27 156 422 206 478 139 465 202 87 482 427 470 86 337 264 414 429 114 205 306 220 488 247 378 40 416 467 353 241 279 259 68 266 13 61 380 250 12 411 149 64 322 251 143 487 127 35 42 196 342 372 170 230 458 210 147 318 109 302 476 90 454 81 16 366 5 26 77 401 218 14 257 172 446 301 173 409 262 303 457 63 8 325 331 155 410 189 445 451 142 309 201 305 398 93 486 84 79 37 204 208 1 131 4 126 323 288 18 483 336 228 297 263 413 277 118 6 295 192 494 11 471 107 133 452 132 443 76 53 245 480 391 415 348 442 178 364 195 388 450 227 49 100 225 310 65 441 426 74 389 293 47 394 29 369 419 116 59 298 7 368 174 334 146 38 272 148 453 115 179 235 421 333 373 335 308 182 112 489 311 437 255 193 135 103 316 165 211 361 281 431 60 428 340 89 324 385 124 33 238 461 313 130 110 407 296 157 244 403 232 237 382 200 435 44 21 46 186 243 404 448 300 275 268 417 367 58 274 43 224 185 134 283 236 138 184 346 69 15 393 320 158 285 214 312 347 481 355 375 97 10 80 57 485 217 25 229 152 440 190 424 82 269 339 420 490 181 163 171 463 466 360 425 83 473 78
452 326
452 477
452 430
452 39
326 480
477 201
477 434
477 72
477 405
477 85
477 332
201 331
434 243
434 11
72 339
72 223
339 124
339 158
405 338
405 232
243 33
33 27
33 340
33 464
33 229
85 194
85 436
338 446
338 440
194 3
430 23
223 80
223 214
124 331
39 188
480 331
11 328
11 435
11 119
328 331
158 331
3 331
435 331
80 331
446 289
446 274
27 331
440 487
119 331
340 485
340 174
188 325
487 168
289 60
168 331
325 337
325 121
337 331
214 331
23 235
23 114
23 471
121 331
235 331
332 331
60 331
485 331
174 331
464 331
436 331
274 331
229 246
114 331
232 331
471 331
246 331
331 55
331 455
331 473
331 47
331 285
331 370
55 298
55 32
55 254
55 304
55 170
55 248
55 321
455 213
455 112
298 313
298 244
473 18
473 209
473 474
473 54
213 406
213 293
213 377
32 495
406 126
18 315
126 348
209 296
209 227
254 160
254 279
254 68
254 266
160 282
293 73
293 95
293 491
474 418
282 418
304 465
73 9
73 17
95 418
170 280
280 167
313 393
9 305
9 22
495 16
377 42
248 408
47 6
47 166
279 418
68 418
244 125
244 403
6 231
17 418
491 418
315 469
315 349
315 122
348 418
167 31
469 418
54 418
125 275
125 164
125 56
275 4
42 363
42 40
164 418
285 418
465 459
363 460
296 418
231 418
266 228
227 162
16 418
321 316
112 418
370 418
349 84
316 418
305 418
56 418
393 418
40 418
228 418
31 291
31 299
459 418
122 418
291 418
403 418
22 418
4 418
299 418
460 418
84 418
166 418
408 418
162 418
418 388
418 409
418 284
418 113
418 472
418 419
388 115
388 171
388 111
388 71
388 133
388 353
388 25
409 127
409 26
409 303
409 486
409 277
284 224
284 395
224 351
224 249
224 104
224 176
115 397
115 278
115 153
113 489
113 343
113 154
113 192
472 482
171 361
171 202
127 83
127 236
111 143
111 379
111 48
489 412
351 35
249 482
143 482
379 215
361 482
412 482
202 267
26 482
419 482
395 482
83 482
71 81
71 407
71 350
133 475
133 142
343 482
397 177
397 37
236 96
236 375
236 428
236 24
177 13
177 252
303 482
154 43
267 482
96 482
81 482
375 482
278 482
153 69
35 238
407 482
13 482
104 141
428 2
43 482
69 482
252 482
475 137
238 482
353 482
350 482
486 482
137 5
176 482
277 482
24 482
215 482
2 482
141 482
25 482
142 482
37 482
48 482
5 482
192 482
482 66
482 462
482 461
66 216
66 147
216 21
147 211
147 327
21 144
21 100
21 311
21 334
21 110
21 354
21 204
21 292
144 420
144 483
144 341
420 88
420 30
483 155
100 165
100 399
211 155
311 454
311 64
334 439
334 490
165 268
165 199
165 242
88 314
88 186
88 218
341 355
341 364
314 479
314 230
314 77
314 362
479 155
268 38
230 155
462 383
462 359
327 450
327 253
355 203
355 134
77 155
203 251
203 262
203 107
461 155
38 123
251 103
251 29
110 287
262 155
364 358
362 155
354 276
204 245
439 14
134 78
245 373
399 155
78 155
107 155
490 155
287 155
186 20
186 102
292 155
123 402
450 198
402 155
103 155
30 155
199 155
242 140
454 414
198 155
14 447
29 155
20 155
140 155
253 155
64 155
102 155
276 155
373 155
383 155
414 155
359 155
218 155
358 155
447 155
155 1
155 70
155 398
155 342
1 392
1 63
70 467
398 416
398 400
398 116
398 173
416 15
416 197
416 401
15 163
15 369
197 281
197 417
197 344
342 478
163 478
392 189
467 484
467 34
369 62
281 118
281 290
281 138
401 478
484 146
484 179
400 437
118 99
118 324
62 376
417 65
290 422
437 426
437 386
426 478
99 67
99 221
386 478
116 182
182 478
67 372
189 478
138 478
63 478
146 478
34 478
179 131
324 478
422 247
344 478
221 478
173 478
65 117
376 478
247 478
117 478
372 478
131 478
478 335
478 233
478 488
335 106
335 404
335 265
233 494
233 319
233 184
233 300
233 347
233 288
233 424
494 109
494 169
494 185
494 322
494 378
109 255
169 255
319 410
319 394
185 255
106 255
184 255
488 49
410 196
410 318
410 387
49 302
49 492
300 135
300 105
300 44
302 255
196 200
196 481
404 255
200 255
394 258
492 19
322 476
481 380
347 255
378 255
380 36
258 255
265 255
135 136
135 256
136 255
288 255
424 374
318 255
256 255
36 255
19 255
476 255
105 255
387 255
44 139
139 255
374 255
255 295
255 172
255 391
295 273
295 427
295 433
295 250
273 438
273 445
273 187
427 241
427 59
427 75
427 360
438 108
445 306
445 86
241 463
241 12
241 61
59 431
172 237
172 130
172 413
172 28
237 261
433 219
433 212
433 58
433 263
433 320
463 411
431 156
219 261
212 217
212 178
212 87
58 307
58 180
75 157
391 415
391 226
415 261
217 128
178 470
178 323
178 271
108 260
108 269
306 261
470 261
307 330
250 261
130 261
413 329
413 239
323 261
187 261
226 261
87 261
330 261
329 193
329 366
28 384
263 261
193 432
86 225
86 94
225 261
156 294
12 261
366 261
260 261
61 261
94 261
320 261
180 261
360 261
411 261
384 261
432 442
271 261
442 261
157 261
239 261
294 261
269 261
128 261
261 444
444 381
444 286
444 46
444 257
381 368
381 50
381 346
368 466
368 151
368 8
368 448
50 356
286 312
286 365
46 309
46 333
309 93
93 45
93 272
93 385
257 222
45 357
466 259
466 51
466 195
272 132
346 89
333 74
333 457
312 145
151 92
385 7
385 191
259 57
222 132
145 90
7 345
89 132
90 132
51 132
365 132
8 132
92 240
345 132
448 132
74 132
457 132
240 132
357 132
356 152
195 132
152 132
191 132
57 132
132 371
132 207
132 98
132 52
371 423
371 161
207 183
98 208
98 421
98 205
208 449
208 451
208 190
208 453
449 159
451 390
451 310
183 308
423 206
423 120
206 317
206 352
317 41
190 458
390 283
453 101
453 443
101 82
458 41
421 41
308 396
308 234
308 210
308 79
308 468
352 336
161 91
159 41
396 53
310 382
310 429
336 150
82 129
82 493
283 41
150 41
52 41
382 41
205 41
53 41
429 367
234 41
91 175
91 97
367 41
129 41
210 41
443 41
175 41
493 41
97 41
79 41
120 41
468 41
41 270
41 220
41 149
41 456
270 425
270 297
220 389
149 148
425 10
456 181
297 76
181 301
10 148
76 148
301 148
389 148
148 264
264 441
