406 929 388
48 218 281 73 299 318 209 386 97 10 159 79 77 329 282 330 15 156 339 66 277 139 258 350 374 261 38 16 236 144 403 373 284 291 106 172 143 108 30 115 37 379 75 2 63 369 123 182 335 353 382 31 224 295 192 40 365 86 153 265 315 160 389 69 320 114 112 237 187 116 194 263 235 225 100 45 340 371 90 67 381 270 82 293 186 325 149 21 241 179 355 191 391 113 243 185 94 266 342 297 399 376 267 372 146 96 4 36 334 29 400 362 338 255 296 341 132 383 361 288 42 173 7 305 84 221 128 215 122 257 394 200 196 302 390 164 307 120 130 189 234 210 129 28 175 347 359 24 168 406 351 331 206 388 250 13 170 55 323 227 78 322 52 238 249 306 205 166 133 197 304 404 228 364 298 199 290 162 118 203 44 398 11 88 81 348 387 62 279 356 193 12 202 346 167 380 207 41 395 121 274 344 211 181 287 233 300 27 251 95 87 327 135 110 93 309 317 226 109 70 20 357 377 253 368 89 150 124 283 5 405 303 333 190 219 216 366 151 57 396 155 53 308 47 271 58 158 264 393 310 352 254 126 285 184 294 141 232 119 18 68 278 51 301 269 286 131 34 401 19 54 276 148 103 397 92 142 83 46 65 99 152 157 49 328 136 313 25 367 80 312 74 147 26 332 314 17 273 316 169 178 272 360 212 176 214 370 244 252 59 14 39 183 138 174 231 165 239 3 105 223 222 260 23 385 326 171 117 64 33 392 101 337 321 60 127 188 91 259 154 85 204 275 111 213 280 220 268 378 140 22 292 72 163 363 161 137 198 177 384 32 354 50 104 201 358 319 343 180 289 246 345 9 324 256 240 208 43 134 217 262 6 230 375 336 229 102 311
334 201
375 78
23 338
26 188
29 105
341 47
155 281
270 260
25 233
331 227
210 296
15 201
35 289
112 323
93 54
85 165
247 252
236 160
133 51
346 179
276 369
223 322
145 400
202 117
99 73
406 13
56 352
325 252
183 91
198 190
274 386
372 200
44 139
107 230
176 198
296 335
248 99
333 90
325 220
325 390
292 75
244 15
161 368
145 150
267 252
316 259
150 340
384 93
265 347
70 206
349 280
301 295
385 12
160 75
111 208
57 184
311 257
170 203
212 381
362 345
185 179
136 394
384 100
198 16
217 318
285 211
367 265
262 212
156 241
161 331
66 326
394 38
110 123
98 137
351 11
203 235
260 158
165 99
239 401
96 234
103 269
388 80
392 217
214 302
183 298
372 233
243 297
25 144
156 41
187 255
96 64
267 399
330 162
167 234
229 29
268 253
173 359
349 379
191 67
275 269
297 366
205 181
202 375
384 174
246 331
67 42
182 347
355 174
87 250
225 328
397 391
332 313
58 319
275 325
143 112
334 211
185 393
185 64
10 4
157 260
205 164
39 151
23 258
51 59
364 8
78 29
125 230
372 144
205 156
369 195
286 79
40 345
201 62
108 11
146 111
165 35
306 31
260 200
313 199
123 19
178 150
70 94
335 194
57 121
206 43
224 263
391 45
179 107
95 49
69 143
84 219
327 240
272 382
319 323
306 399
347 31
270 10
165 74
75 20
242 282
192 210
144 389
4 278
269 232
21 242
58 232
133 332
156 148
256 218
392 204
84 106
245 222
327 56
277 387
279 16
159 339
54 356
259 403
300 195
13 205
141 310
337 79
129 68
262 146
181 276
379 295
157 387
114 172
169 1
102 337
372 183
149 160
355 82
134 15
336 305
163 349
354 398
200 60
2 246
155 394
96 382
256 309
146 155
118 371
367 329
61 351
244 81
313 273
374 13
194 308
300 69
22 201
274 185
241 204
116 342
42 33
350 193
259 86
183 113
252 74
276 266
303 7
134 266
363 290
127 395
378 328
333 348
285 174
41 172
342 82
206 306
75 177
18 21
153 367
135 333
239 163
128 320
362 4
277 289
133 265
371 329
164 227
115 107
392 246
363 216
206 64
64 103
277 301
406 202
392 325
134 164
96 72
123 246
37 372
326 134
402 145
170 79
75 13
269 119
289 305
192 396
306 258
343 152
251 199
142 235
197 331
209 178
374 136
275 286
121 367
250 52
400 67
362 265
352 86
115 46
295 212
230 343
241 200
90 152
126 153
6 49
174 96
185 255
195 404
138 233
347 170
65 34
239 26
74 262
242 240
166 355
240 215
136 170
186 194
174 72
269 310
205 288
167 115
3 331
73 267
147 369
116 50
313 83
98 325
139 10
320 304
62 5
253 29
251 206
326 221
186 211
328 104
78 112
350 223
7 111
15 80
9 281
339 144
165 390
104 266
352 366
404 298
11 137
246 332
269 50
205 309
169 210
401 92
318 179
74 331
38 85
228 283
183 14
295 56
67 241
360 2
169 228
24 70
398 12
385 140
93 173
92 128
25 37
68 96
70 37
366 235
368 171
303 322
375 252
261 265
403 193
78 397
326 203
139 242
126 219
201 295
364 183
115 135
221 307
192 83
372 73
75 137
11 271
156 288
99 172
81 163
135 131
339 119
64 74
112 60
330 123
332 233
39 198
201 220
209 162
36 141
93 381
208 357
260 203
206 146
273 192
219 357
81 242
187 348
388 165
261 210
402 351
17 385
186 347
312 75
308 47
342 335
124 75
138 256
289 243
30 389
32 274
106 31
65 264
334 72
186 178
53 372
323 405
110 375
377 143
44 359
406 262
267 272
144 303
371 198
119 334
238 370
357 117
269 282
201 389
366 143
222 202
329 219
62 392
361 157
171 188
243 225
279 196
313 380
162 100
136 259
235 7
378 137
185 143
267 363
250 264
88 374
67 194
220 184
69 279
280 305
65 261
273 321
343 39
162 252
370 52
254 297
37 293
353 248
201 303
85 45
226 189
304 105
281 391
151 370
105 171
294 375
391 161
3 156
207 234
278 311
108 173
120 34
95 212
266 249
284 44
89 90
193 130
176 283
115 109
293 230
136 393
300 370
254 108
329 221
97 281
143 288
370 77
47 165
34 357
71 56
90 209
94 37
18 199
270 289
241 165
90 250
141 396
233 69
152 128
191 260
266 257
63 40
146 377
233 73
178 246
367 103
95 28
373 361
35 115
48 104
401 288
375 38
226 73
332 208
382 401
29 77
323 315
42 80
303 197
154 177
13 259
140 70
97 158
114 278
294 206
370 320
71 357
57 356
327 403
275 186
38 372
84 90
239 79
359 65
230 70
175 11
44 312
5 342
42 86
132 219
32 386
398 165
276 138
347 166
365 179
238 233
305 152
138 251
162 386
182 168
155 253
45 159
378 110
137 34
395 393
368 274
174 50
178 317
171 307
361 23
335 90
193 2
46 151
230 361
16 396
286 214
273 220
352 159
68 106
186 262
271 142
221 378
344 141
254 322
60 243
191 142
62 68
342 160
160 28
161 185
60 64
394 234
195 371
228 1
223 173
125 264
175 45
309 158
286 305
278 299
240 293
377 218
22 259
212 296
161 136
48 56
92 281
381 231
123 241
154 299
370 69
63 101
401 327
343 341
72 323
361 9
367 78
214 14
250 342
380 289
313 338
358 264
350 214
249 213
269 15
87 232
171 111
215 287
354 263
152 118
172 232
135 23
72 283
233 349
165 272
78 186
234 123
272 362
285 245
169 105
148 203
336 98
405 264
51 88
119 374
95 221
58 11
325 210
52 167
398 139
48 351
290 69
304 292
282 302
350 123
385 195
177 41
208 236
110 141
136 128
238 307
261 342
235 304
67 141
223 53
85 264
341 300
58 369
287 200
77 43
282 193
196 208
48 243
360 400
109 71
262 267
210 290
162 271
282 307
130 139
368 341
375 217
302 336
317 158
283 54
110 203
116 405
148 227
140 333
332 262
237 337
336 176
80 306
233 394
377 134
264 185
53 166
296 285
320 373
328 297
80 225
145 134
327 199
347 67
320 402
289 297
146 323
362 331
28 352
48 279
66 47
16 163
278 392
83 124
15 281
364 62
148 346
134 260
232 156
384 113
327 114
182 80
232 81
179 161
194 292
400 281
205 160
379 37
262 266
144 30
255 329
389 383
199 260
58 36
362 92
215 100
23 128
37 212
272 57
48 403
28 347
328 58
181 175
138 47
318 302
344 330
268 151
26 373
372 141
279 250
75 204
56 58
90 195
18 58
2 387
42 234
330 212
257 220
274 215
101 32
289 214
405 319
172 199
383 149
221 201
227 324
117 351
229 355
151 381
282 27
337 11
5 253
43 98
272 142
318 276
36 148
57 73
363 115
367 227
130 371
205 3
56 37
398 197
230 77
276 390
394 243
341 44
313 377
389 259
135 230
347 73
90 192
97 362
271 214
230 272
356 247
191 141
55 93
51 404
189 122
297 250
128 113
343 264
316 268
402 285
22 88
302 285
91 307
110 77
242 334
310 180
163 378
75 397
26 151
264 53
276 19
94 188
175 211
350 176
99 272
190 329
144 394
373 363
41 392
186 389
279 107
365 177
41 389
31 195
338 40
384 33
182 386
76 165
56 110
3 343
345 316
126 199
144 33
377 48
131 55
383 100
73 336
347 30
359 283
15 49
242 208
136 139
213 294
11 60
145 331
381 177
372 384
403 238
223 207
396 289
65 126
318 103
176 186
289 292
270 115
398 179
156 259
361 293
271 352
103 296
137 171
174 139
389 376
72 87
85 257
233 275
304 269
340 81
15 404
359 152
113 233
322 359
55 117
256 272
268 315
293 348
25 223
141 63
8 229
291 257
393 297
365 250
249 349
258 27
107 66
304 28
269 378
79 265
345 339
34 121
98 29
41 158
334 342
218 221
320 190
16 327
278 277
39 123
39 385
270 61
355 148
263 316
209 19
17 32
201 268
252 255
329 233
318 356
222 333
381 15
101 399
301 397
109 1
253 84
295 304
321 194
368 128
374 385
311 304
120 109
394 332
382 238
312 153
296 320
243 152
97 157
96 213
197 146
211 76
309 215
180 302
57 236
156 361
228 134
74 62
46 171
15 312
313 205
208 115
257 119
245 359
125 211
349 151
76 268
280 403
93 289
17 320
368 292
