465 2270 267
463 134 190 379 41 293 446 263 217 4 149 358 256 344 207 144 121 111 437 402 33 167 5 306 200 373 227 422 396 85 325 280 359 382 156 139 350 378 425 336 330 128 414 24 102 2 177 54 155 189 271 410 331 408 169 215 130 398 299 304 100 295 388 36 302 56 173 243 71 465 110 374 417 159 376 7 368 395 43 427 174 195 430 443 383 166 289 232 127 343 444 360 145 208 464 300 267 188 319 64 61 79 426 429 39 248 133 413 404 154 328 183 329 301 175 363 234 184 74 59 8 148 210 324 264 26 323 141 356 165 53 387 355 392 453 153 179 287 88 152 439 87 196 94 254 67 114 193 456 142 435 28 62 348 431 459 45 225 70 98 35 458 428 147 158 412 415 20 120 245 140 186 340 269 460 135 400 92 1 452 303 42 47 97 405 157 123 222 349 311 69 191 202 230 364 163 272 51 221 420 342 423 334 38 82 72 247 96 261 182 286 224 276 116 229 253 19 372 3 274 290 168 246 361 445 117 220 278 407 237 241 318 216 65 391 409 260 270 365 37 440 84 313 406 192 442 242 262 205 419 448 112 57 244 399 307 352 89 223 424 377 146 204 81 397 238 164
160 403
116 249
203 7
30 78
252 380
235 430
108 354
356 317
329 459
309 199
372 186
146 183
426 52
383 269
366 281
322 336
416 378
125 180
25 213
248 147
216 453
11 303
330 401
162 86
403 287
119 55
328 137
141 459
189 367
305 57
242 17
55 423
405 233
305 130
3 16
395 258
231 103
285 188
244 25
25 180
341 61
34 416
169 51
418 358
291 153
6 444
268 113
72 437
251 141
180 114
191 339
299 266
409 297
88 175
333 282
285 372
92 224
169 301
31 314
46 268
370 47
410 461
40 124
350 397
455 131
270 314
375 331
341 394
416 71
92 74
345 358
170 444
261 228
173 52
320 286
58 199
292 442
96 276
380 229
267 73
307 121
80 290
139 216
339 183
368 419
335 137
22 26
441 348
67 72
171 411
279 453
294 222
218 255
322 143
459 206
402 324
17 164
238 375
232 128
96 159
422 111
222 275
94 158
406 232
178 179
255 153
132 223
206 136
126 201
45 52
330 31
262 186
34 69
211 334
250 414
235 233
327 124
149 47
464 232
361 149
93 25
234 13
356 198
192 412
286 97
328 412
214 176
346 22
275 177
70 335
225 72
207 381
414 248
74 223
113 435
209 276
341 121
27 232
118 139
321 410
405 393
4 223
257 227
416 269
432 355
333 331
189 461
357 361
424 252
25 247
253 192
161 277
423 245
279 436
305 443
131 255
41 27
1 463
319 347
194 361
25 126
44 264
442 234
345 272
92 427
268 167
434 106
133 32
201 457
311 307
444 373
68 60
438 68
392 1
23 179
59 257
2 376
428 126
364 128
156 150
248 159
440 137
349 97
8 168
411 127
432 149
455 325
164 337
291 369
259 71
111 196
189 369
110 266
172 420
182 305
419 411
436 429
198 324
68 81
286 68
5 77
409 417
327 453
132 234
423 7
434 265
280 102
448 313
238 334
20 190
301 56
180 371
77 304
432 425
365 298
339 265
349 33
201 283
208 161
44 404
457 320
457 411
27 286
306 114
355 290
351 193
464 65
437 323
120 350
265 106
304 14
85 316
413 270
365 203
334 239
112 380
346 154
316 39
413 393
423 385
224 171
202 112
135 10
367 436
381 338
124 443
379 40
338 206
407 74
44 457
328 49
346 248
112 155
73 357
75 160
319 81
328 1
438 304
37 85
435 76
11 394
153 45
305 295
44 165
90 20
169 72
194 297
186 227
182 337
264 81
95 234
18 416
451 274
331 378
298 302
195 50
265 161
26 327
190 447
216 293
336 354
28 119
41 126
165 157
123 403
89 381
245 348
180 151
371 193
230 368
337 154
342 315
297 90
362 385
195 310
187 2
224 182
274 248
3 122
106 437
326 4
246 399
126 313
333 326
278 251
73 333
331 289
306 249
145 389
208 458
132 183
408 326
192 340
387 463
311 10
220 244
213 39
429 400
30 29
405 275
115 325
364 90
111 109
7 290
2 313
260 150
33 371
24 72
9 167
293 308
345 117
131 427
283 413
252 19
135 56
153 304
129 236
434 199
416 73
112 426
441 9
217 423
1 23
253 260
111 122
187 172
150 393
384 369
440 200
357 247
373 410
231 34
252 314
134 37
435 27
440 244
57 406
13 131
237 44
267 280
49 273
246 373
83 341
98 426
192 119
344 264
8 373
245 395
407 283
432 138
70 76
367 144
164 140
104 343
143 229
54 163
355 315
413 211
175 118
402 168
450 242
443 278
446 422
133 151
142 266
135 254
175 391
306 44
168 150
385 304
268 195
321 50
259 234
75 162
143 64
437 159
448 120
79 202
400 295
193 291
37 310
388 47
206 437
339 406
247 148
405 308
305 7
32 262
200 98
419 307
258 46
243 292
122 375
342 48
89 460
176 137
290 2
392 424
413 379
138 202
203 11
212 331
52 395
54 20
179 136
303 327
364 261
443 433
136 239
393 184
182 256
86 170
359 272
210 146
465 167
258 413
184 145
184 357
106 11
374 102
338 393
223 72
282 134
348 68
273 463
59 214
218 177
170 249
165 25
389 271
31 350
65 274
97 217
438 207
383 98
422 53
200 304
230 405
16 362
87 456
164 29
158 113
146 83
126 303
285 261
441 376
409 67
1 72
127 413
261 193
442 219
329 25
48 232
369 431
431 209
295 423
337 281
156 325
254 277
90 7
338 248
129 88
341 307
195 96
240 132
120 61
90 168
243 283
234 186
199 130
22 261
417 79
115 65
200 13
148 287
450 373
439 239
264 202
130 402
276 409
445 275
122 121
186 30
244 209
86 438
35 418
166 124
137 54
464 237
117 170
55 11
129 25
361 321
283 379
300 189
58 386
384 170
304 238
457 57
67 63
94 465
139 431
178 53
255 367
337 394
377 460
392 405
316 310
397 291
270 234
98 103
166 454
285 187
375 459
247 407
270 317
184 383
329 32
331 190
376 117
249 151
85 261
23 158
248 50
201 337
156 142
15 307
427 457
215 288
46 368
322 195
64 173
56 27
247 76
62 250
327 153
34 280
268 395
128 217
248 126
157 283
429 362
129 448
282 141
454 436
228 213
231 451
177 150
9 301
297 229
245 263
289 449
291 311
139 311
129 342
252 66
333 110
277 232
428 149
41 309
452 436
13 256
124 9
369 92
347 192
15 114
58 413
148 19
194 219
6 288
174 305
106 226
101 184
13 330
431 233
161 331
376 266
70 29
72 60
437 30
273 149
370 136
83 52
115 96
334 398
416 325
186 376
121 106
459 210
86 81
236 243
353 195
464 130
403 30
462 210
392 439
64 8
133 337
219 20
388 25
274 296
54 167
462 68
347 432
60 459
170 364
195 247
250 275
356 29
297 36
107 121
337 286
189 405
156 433
1 444
227 82
219 172
156 302
130 338
213 385
103 335
250 88
241 435
212 184
171 354
334 363
39 406
226 362
61 303
101 171
456 24
204 115
110 2
40 192
410 387
276 285
428 300
118 367
222 240
358 271
406 51
47 317
270 242
99 98
230 76
154 95
25 63
382 22
88 48
210 93
177 213
335 183
406 141
228 243
231 184
438 379
31 402
56 37
167 163
460 344
280 323
75 456
202 254
148 382
176 3
333 92
152 363
211 361
178 428
291 227
91 429
386 227
253 213
278 36
287 413
299 273
128 258
137 106
425 346
6 89
236 60
277 81
238 66
230 9
235 334
45 448
97 243
220 95
141 326
236 440
111 315
128 99
421 262
185 333
248 7
295 266
85 457
266 425
123 221
331 267
237 227
90 59
97 320
5 360
140 102
155 189
135 227
194 267
383 310
25 422
367 133
460 222
383 112
157 59
110 9
95 242
345 123
419 61
142 299
62 436
378 166
178 405
323 446
319 267
293 137
123 255
280 375
139 329
444 269
360 131
142 294
394 402
391 194
319 362
449 96
455 273
318 259
104 415
317 433
61 153
362 209
369 76
129 424
350 370
329 148
133 376
247 78
86 330
238 414
5 361
363 437
305 137
360 65
168 243
90 261
433 337
305 364
139 241
245 304
420 204
463 284
202 93
15 379
375 131
291 17
71 102
434 238
113 104
350 285
124 325
398 399
289 157
154 157
368 379
426 382
432 95
356 403
103 22
27 192
393 47
358 285
87 268
294 454
103 181
85 146
63 177
345 155
79 51
339 78
281 29
461 438
363 91
443 96
67 262
93 306
433 182
115 286
173 89
176 200
376 290
209 168
96 118
74 89
63 221
434 233
369 270
273 286
181 254
172 299
93 18
417 153
76 270
392 214
443 44
122 227
30 410
229 152
256 197
87 161
107 218
433 458
47 431
384 327
275 46
416 347
225 190
169 219
305 271
337 49
32 99
94 139
105 330
13 200
461 285
334 430
96 64
166 186
290 443
272 387
258 160
96 141
417 375
281 12
176 439
146 44
354 82
350 244
242 316
268 308
91 453
323 2
79 37
396 206
441 336
22 277
445 340
204 329
370 185
240 204
363 275
167 157
183 172
171 269
193 447
258 196
383 406
458 304
461 235
428 307
119 448
232 355
247 254
46 253
323 166
439 33
381 98
354 30
244 146
176 166
105 413
209 393
460 197
176 379
387 38
177 233
193 108
237 285
11 34
86 295
300 286
161 264
330 328
329 5
121 352
344 295
186 66
6 24
64 211
62 380
115 244
240 265
107 1
227 190
155 247
89 377
261 289
138 342
204 48
262 300
204 405
104 213
206 153
233 185
110 69
62 310
127 409
245 337
162 404
226 234
147 334
151 150
90 366
51 331
416 128
296 453
101 297
74 326
19 135
435 300
101 373
66 43
148 89
379 131
272 320
194 233
50 180
139 227
449 171
430 133
384 104
386 93
426 294
416 83
123 337
353 110
209 330
100 464
138 295
437 37
207 61
54 7
441 113
193 375
417 387
250 291
87 327
248 436
419 108
115 239
430 353
453 405
262 418
236 27
179 218
324 83
64 25
256 129
404 260
372 199
15 445
102 271
129 192
198 283
285 280
56 133
423 331
104 31
327 458
134 135
321 158
236 375
7 138
24 381
440 153
179 75
148 100
6 462
112 235
327 136
219 198
410 80
4 256
376 278
415 44
11 380
266 6
430 7
128 146
41 174
2 147
1 57
21 243
141 36
96 324
457 369
15 106
24 222
89 62
144 234
129 71
163 87
155 298
248 99
464 267
408 54
410 165
134 288
62 276
15 381
450 348
307 79
407 443
103 118
379 353
47 375
236 121
8 253
372 431
194 185
341 461
272 18
98 229
440 340
215 407
175 152
252 243
143 56
410 429
2 270
83 249
215 184
173 374
72 320
134 111
250 258
183 84
164 355
286 333
206 238
28 123
441 389
129 12
67 219
76 75
423 376
382 385
212 256
124 210
59 126
207 287
126 20
198 359
77 157
268 319
355 96
69 77
172 263
161 130
410 32
456 124
45 265
165 331
452 176
270 426
282 331
396 189
372 348
93 111
140 269
66 426
121 112
429 345
446 45
244 194
431 238
364 399
152 344
56 324
153 429
164 61
312 319
201 77
80 373
198 295
37 149
74 355
452 171
116 387
433 383
427 329
130 437
204 433
158 102
225 134
328 25
354 438
26 275
69 192
128 242
57 44
219 433
409 138
276 234
36 378
396 418
37 170
299 363
405 236
85 381
281 152
452 208
428 68
291 439
441 307
335 250
405 189
108 209
405 149
359 383
376 381
418 144
332 134
121 186
25 151
377 202
7 330
216 225
252 258
150 158
301 118
392 219
96 240
153 176
251 263
23 55
281 306
80 330
254 352
38 215
345 329
210 248
91 311
12 313
395 448
349 8
121 201
228 280
457 81
235 390
21 231
366 299
430 154
238 27
255 240
388 356
153 116
321 327
439 34
317 434
345 41
228 23
8 152
137 269
236 62
111 462
431 70
320 118
293 102
222 112
214 342
325 446
451 181
368 63
81 169
218 132
128 119
188 173
55 118
321 371
264 390
293 165
113 151
134 235
233 54
395 454
106 360
229 400
419 8
208 354
24 368
335 156
183 233
190 100
253 336
370 156
236 185
371 122
439 351
354 337
180 120
92 114
30 193
176 267
138 55
314 346
153 42
375 122
99 338
450 255
245 253
104 76
390 89
388 428
80 101
91 134
82 240
450 327
227 138
240 406
417 186
285 404
168 74
328 161
53 338
276 446
114 184
353 115
156 35
333 288
228 82
406 404
114 68
341 367
238 24
137 312
140 40
282 364
397 437
109 79
190 406
346 157
74 431
71 9
246 109
205 270
337 173
300 389
426 152
459 281
290 447
70 243
385 253
283 190
51 230
461 327
451 446
260 401
323 246
391 459
388 367
441 224
433 358
361 17
299 402
445 122
57 198
385 102
254 345
437 117
33 136
328 4
451 371
163 318
146 207
145 96
289 177
30 365
248 68
439 43
4 357
231 143
337 418
419 408
277 283
91 303
172 461
402 36
206 124
421 247
299 246
363 250
174 320
106 337
253 97
123 154
303 156
152 302
3 4
427 323
384 446
112 457
265 56
361 409
188 331
402 23
267 225
149 327
333 91
384 59
232 222
120 347
212 97
116 47
243 44
137 22
235 279
453 420
110 402
245 40
366 60
213 130
270 34
197 315
325 83
328 445
89 107
214 262
446 239
124 408
117 273
297 356
110 53
386 341
382 335
81 121
43 89
155 229
255 394
199 273
264 383
329 367
167 21
229 49
110 306
176 359
40 393
454 261
81 202
46 45
443 461
412 121
441 273
184 180
165 41
200 59
73 28
464 361
322 241
83 9
178 401
127 351
176 308
101 431
32 305
268 443
443 181
341 401
330 393
192 386
274 314
167 183
361 277
45 19
461 131
264 450
429 285
457 378
291 432
287 162
464 452
90 60
316 263
191 125
408 71
156 19
291 363
102 51
259 240
218 213
388 186
427 138
95 327
368 324
224 455
3 54
354 419
58 147
225 162
392 280
406 336
331 225
85 6
171 347
5 107
114 261
416 256
170 403
436 278
168 371
159 157
285 366
64 216
464 315
294 333
289 228
363 357
426 172
271 279
154 152
48 356
448 131
452 184
381 101
251 301
223 465
461 372
423 10
281 53
446 370
371 10
393 310
46 349
24 316
45 418
176 457
366 320
404 173
58 210
261 415
136 121
168 71
23 228
460 209
25 370
315 51
360 171
338 202
41 3
213 148
272 64
282 188
451 462
192 145
423 192
218 295
56 61
121 414
345 427
205 103
60 132
108 296
310 254
368 186
165 416
5 221
407 440
309 424
269 273
241 354
202 319
190 428
97 159
376 364
15 121
83 205
339 213
34 214
46 380
162 269
78 53
160 121
239 17
40 64
325 462
364 461
99 294
322 274
97 379
152 448
134 369
60 115
379 19
462 97
312 429
18 184
430 239
203 180
304 156
284 430
53 244
455 206
363 455
39 77
447 413
448 117
454 23
438 88
55 207
357 252
370 198
417 198
129 339
269 361
341 110
339 23
371 239
390 454
376 56
442 108
70 337
427 278
330 404
419 371
288 68
148 178
239 348
402 412
10 301
201 269
77 444
238 441
427 145
153 2
19 143
399 298
458 364
379 411
344 80
225 456
85 365
58 409
82 341
235 217
298 328
134 420
1 383
343 397
329 144
137 144
204 203
290 309
8 386
347 84
16 236
75 161
27 149
299 80
358 279
169 147
444 171
253 130
190 48
43 358
210 415
123 48
8 135
388 238
181 214
170 104
332 78
157 92
47 259
316 276
154 365
189 184
205 179
356 461
56 52
453 68
330 129
257 191
302 438
88 39
174 317
42 49
42 319
20 260
256 6
229 232
214 408
246 219
75 65
34 278
123 310
449 63
411 439
40 153
132 220
190 81
45 435
72 251
427 343
44 121
177 415
308 363
345 1
30 257
304 379
111 358
140 125
98 449
129 330
284 184
120 176
267 368
92 386
191 318
169 242
75 398
39 95
106 133
90 319
8 243
56 457
22 153
309 15
47 430
192 217
56 218
368 380
157 284
392 423
414 199
7 389
232 211
400 415
248 28
396 26
387 145
337 358
426 42
9 255
216 140
314 431
425 289
175 406
386 147
332 127
24 217
302 84
46 212
32 221
224 270
189 136
94 454
208 405
400 160
78 403
162 448
174 387
436 166
146 230
282 279
358 369
409 180
210 372
164 271
285 288
330 133
390 187
48 411
254 117
95 310
367 430
207 24
66 183
423 330
137 50
125 282
51 309
184 3
342 279
415 98
313 32
261 202
421 197
49 235
176 343
342 101
57 151
317 242
84 166
442 426
19 246
95 231
437 327
400 185
88 148
320 88
202 107
102 84
353 295
69 311
260 414
194 442
377 114
94 199
259 262
46 296
167 418
18 423
427 211
11 381
103 250
105 415
14 410
245 255
270 414
369 93
385 91
354 140
97 142
351 121
439 417
129 344
402 38
8 237
323 125
414 377
14 66
400 183
41 62
1 409
155 211
121 133
311 71
94 96
102 167
358 229
454 190
14 161
280 343
361 167
297 219
395 167
403 151
397 19
187 276
465 316
72 68
131 96
278 329
370 416
207 34
326 431
30 281
249 309
207 463
92 188
271 352
203 199
325 337
184 373
276 67
195 340
232 155
212 330
387 317
323 265
72 288
175 252
134 380
8 357
18 252
234 308
255 390
163 173
388 292
27 389
191 38
62 126
136 57
115 208
410 248
114 343
65 399
277 84
175 246
341 280
175 8
404 77
105 342
417 119
82 72
375 185
340 424
191 54
102 434
307 129
211 438
254 262
342 20
385 54
415 351
193 443
116 412
196 349
234 306
444 414
174 121
38 348
196 307
16 144
255 457
122 414
263 156
311 358
352 153
375 91
415 81
357 218
256 11
405 217
90 373
90 95
253 426
113 45
298 318
280 406
361 455
24 167
342 437
328 347
66 298
2 48
8 198
380 127
241 448
177 385
359 414
387 46
234 140
437 236
118 71
296 77
21 379
72 223
214 414
44 447
127 373
214 56
404 211
117 76
348 186
118 228
65 101
232 193
212 39
292 238
181 305
79 45
182 217
6 182
445 90
393 314
344 88
296 114
351 35
178 79
39 180
139 196
330 221
131 115
392 96
440 373
326 378
88 333
185 7
275 77
12 312
137 383
267 154
75 84
186 5
282 403
157 261
299 168
342 64
290 179
41 163
244 380
93 243
297 432
254 309
324 38
283 288
228 286
252 85
57 219
280 349
456 363
390 421
31 297
404 216
65 236
96 383
158 112
148 340
313 65
163 328
117 83
159 430
337 53
297 332
72 194
34 157
280 441
265 6
68 227
46 140
206 9
109 337
254 141
352 70
61 1
252 192
388 22
422 169
169 86
461 241
180 406
7 434
394 311
86 322
80 67
282 21
302 167
118 196
150 177
435 119
460 393
5 154
299 365
432 273
311 147
211 441
441 443
302 133
386 359
286 157
317 266
443 363
120 311
22 93
138 2
389 255
150 400
38 221
432 304
94 192
161 343
129 120
26 270
392 256
156 342
161 247
40 167
432 384
130 325
115 180
231 2
236 135
220 252
166 266
131 265
286 112
26 300
6 217
97 223
288 51
410 149
448 323
257 119
162 288
424 227
154 205
293 403
53 363
99 239
465 217
422 92
242 215
144 81
394 275
212 10
408 392
255 273
438 179
240 379
198 321
324 429
215 261
232 289
165 173
178 246
147 158
410 75
416 92
270 233
156 295
166 159
105 277
353 7
4 399
8 375
207 422
221 316
275 187
42 305
259 353
438 450
138 414
438 238
400 151
346 285
70 365
342 202
241 71
211 285
199 464
313 442
59 374
298 183
101 325
373 203
463 183
221 13
296 223
15 49
14 4
84 232
287 124
186 367
279 178
174 6
201 192
41 70
399 104
71 218
399 375
112 163
335 192
21 327
381 287
252 126
207 84
201 66
335 450
22 219
315 289
100 137
378 123
43 124
235 331
304 71
350 330
426 302
209 83
183 406
229 177
73 117
356 192
288 377
65 390
442 68
297 359
300 118
207 396
5 199
73 299
6 220
110 201
168 155
242 371
42 128
428 379
341 325
69 179
162 187
183 23
101 130
277 115
330 142
187 13
194 359
244 303
79 318
33 376
186 426
350 272
85 276
72 98
211 241
325 151
75 315
424 437
357 242
93 390
345 368
1 6
240 403
404 306
261 173
100 362
433 224
173 80
299 262
398 361
350 419
162 33
245 216
342 294
398 156
343 29
209 23
62 239
108 5
196 362
295 249
288 20
149 161
273 320
21 406
159 376
355 16
49 420
29 105
239 202
53 281
200 134
26 182
392 427
26 125
56 419
383 253
191 175
197 10
178 7
110 262
104 225
377 163
455 369
412 272
235 77
226 227
55 93
387 152
310 225
83 135
83 437
152 112
89 245
348 284
147 169
360 80
461 431
42 292
294 265
256 408
111 182
364 317
72 214
155 74
218 378
335 135
231 42
375 342
294 121
391 394
432 267
365 217
448 414
237 370
462 410
130 354
451 339
207 79
228 396
261 318
397 351
378 249
175 134
257 399
134 237
426 221
95 273
271 329
48 87
95 72
282 124
422 50
118 52
393 158
193 391
33 119
367 236
374 122
85 272
31 289
464 177
351 317
90 146
301 203
1 108
355 8
60 448
141 66
80 14
380 88
79 458
436 74
405 77
65 416
48 376
328 107
56 169
438 224
228 51
98 45
373 339
432 74
72 430
176 72
400 117
170 89
302 85
211 313
54 88
432 424
66 157
