484 2175 377
104 342 221 304 383 451 126 120 474 61 118 313 194 137 384 26 109 112 281 216 333 457 222 439 132 57 402 160 473 273 408 89 377 208 326 171 228 283 419 258 55 188 73 368 365 465 349 382 164 34 431 38 235 332 316 446 116 84 404 278 364 56 140 215 141 257 76 286 234 32 203 139 190 463 428 7 40 28 363 432 199 14 341 255 261 44 165 321 244 379 115 392 344 307 347 416 470 276 335 204 111 277 211 66 397 240 201 302 284 458 99 54 145 269 297 236 53 438 187 135 217 83 456 425 119 468 415 25 435 288 294 324 330 422 42 15 444 6 172 305 151 412 386 466 394 403 476 418 179 264 249 93 207 472 399 348 95 250 209 447 370 87 270 102 74 3 411 169 183 433 39 213 11 373 122 356 453 230 143 359 24 71 16 142 17 272 114 352 260 296 287 462 267 325 467 97 437 478 180 314 233 375 22 138 229 41 442 441 128 328 445 69 391 409 405 59 149 125 398 454 210 166 200 452 471 117 410 178 36 290 396 167 299 353 461 163 459 440 91 191 280 205 245 343 105 242 154 481 101 227 192 182 401 218 12 263 173 469 484 381 231 153 388 298 448 358 232 371 45 18 49 367 337 193 310 266 331 90 389 226 319 259 168 251 303 35 315 361 450 144 460 374 238 289 181 27 136 174 252 390 79 414 282 443 219 482 427 329 198 82 400 309 338 185 345 301 253 51 1 81 220 196 30 237 387 33 322 106 146 275 37 72 88 92 285 21 420 214 186 134 175 155 148 150 65 339 407 80 124 300 385 206 75 20 350 311 78 378 177 96 46 423 434 129 292 70 346 480 176 406 68 58 131 436 43 395 265
121 246
421 350
382 36
230 220
428 231
409 354
154 370
135 158
281 394
47 209
65 437
443 275
322 354
372 108
175 34
387 482
465 428
305 329
142 95
427 344
154 130
383 454
129 255
166 7
34 441
133 148
332 481
87 19
229 265
38 397
106 140
438 13
276 117
267 173
238 245
29 372
357 391
58 313
404 362
148 246
87 37
164 169
198 191
6 362
274 222
346 434
482 449
380 457
269 456
345 441
208 176
384 412
466 101
346 224
132 477
439 47
1 350
104 482
481 50
113 256
400 165
315 58
417 278
330 135
244 387
312 97
15 249
104 190
8 89
245 398
17 90
296 436
44 308
17 396
145 285
121 226
462 50
330 92
434 343
423 193
250 349
331 8
269 337
249 72
345 290
211 293
162 297
254 226
400 431
280 210
344 240
135 26
392 253
462 280
191 185
276 364
191 461
11 478
100 393
16 112
92 395
218 8
89 436
223 106
176 365
44 476
423 373
86 202
126 147
131 364
295 48
407 64
317 473
64 345
76 403
73 40
89 325
304 84
362 269
167 316
294 402
231 158
291 98
184 19
348 371
226 161
366 254
298 286
252 121
436 330
287 114
170 247
306 337
271 466
95 58
91 307
161 427
25 392
312 468
357 138
150 344
346 63
286 206
188 15
116 121
448 209
462 33
77 109
168 344
372 469
36 231
287 90
140 128
128 188
221 447
330 123
248 184
484 86
236 248
36 86
68 271
216 365
139 211
107 355
103 179
128 364
65 409
181 304
178 365
337 442
211 127
369 177
407 384
191 24
140 151
347 279
351 117
440 49
9 239
218 290
315 368
427 114
459 448
9 237
6 88
134 233
393 44
132 374
28 89
127 400
122 207
417 49
218 66
282 403
34 341
422 376
94 245
285 25
407 45
456 123
69 93
260 70
123 389
413 199
255 119
299 419
117 21
240 68
35 376
78 35
161 373
80 13
86 150
260 220
131 332
352 113
137 269
320 422
311 53
249 165
214 426
121 137
450 413
384 274
397 128
243 214
423 332
252 135
246 39
26 81
137 314
95 362
135 321
190 233
176 188
319 91
312 128
451 454
272 57
89 374
131 298
229 395
32 84
29 337
98 230
350 130
159 256
383 118
189 138
282 204
171 364
27 28
276 342
424 228
100 371
283 127
29 173
52 259
71 363
137 61
164 353
303 105
285 251
414 143
326 100
106 79
394 357
417 228
414 183
401 45
326 194
181 382
327 233
437 137
74 367
8 106
106 135
254 436
349 424
65 34
237 373
196 56
223 337
291 56
383 62
422 399
355 149
231 353
226 199
188 224
299 66
53 63
20 231
62 343
62 146
300 285
381 291
139 447
108 219
135 23
464 226
473 2
214 250
73 400
3 297
257 88
201 435
346 237
61 77
34 225
109 158
350 32
76 229
335 210
45 220
203 275
396 456
220 296
198 406
159 73
227 278
330 448
402 89
358 16
333 82
59 56
263 174
396 114
197 416
409 273
113 265
479 158
153 81
259 23
173 401
443 286
153 89
411 282
21 259
372 157
149 308
81 3
431 95
272 328
468 321
344 317
80 416
265 239
390 410
52 413
117 41
205 73
3 35
296 453
356 431
368 334
41 98
466 478
248 116
277 437
54 226
228 439
258 188
292 255
358 326
392 41
65 77
477 92
105 363
447 236
442 40
474 330
6 293
78 306
473 93
389 423
239 316
202 131
178 135
465 41
348 72
353 162
448 347
225 455
229 271
189 172
153 34
456 400
433 398
137 373
376 93
195 256
89 234
273 282
95 452
276 356
299 19
329 48
278 441
341 213
448 397
416 397
140 425
381 375
23 224
320 53
468 455
210 119
437 366
470 393
372 144
9 10
112 114
135 383
330 2
80 86
311 26
58 140
244 361
167 442
428 369
149 105
305 392
482 95
26 27
361 388
476 170
310 449
188 119
394 372
358 359
263 314
409 456
23 340
267 106
313 417
347 393
52 62
108 254
162 272
140 218
358 333
13 74
307 30
23 149
226 353
431 254
405 69
290 308
99 361
16 252
55 353
67 299
376 29
216 320
416 415
427 131
304 379
179 146
59 331
2 116
114 71
398 344
30 122
30 246
117 293
474 70
258 177
106 400
357 238
318 337
112 15
29 134
151 78
72 213
279 271
292 145
189 432
89 111
73 453
254 362
477 397
135 456
233 322
229 481
21 176
190 365
38 401
53 51
79 14
402 340
267 476
378 268
349 70
228 68
477 54
378 186
470 370
380 232
427 232
343 442
242 440
67 482
398 45
218 96
481 346
82 158
62 100
157 426
51 111
136 68
146 379
101 175
335 251
192 55
70 393
73 131
332 220
266 86
414 128
11 326
92 398
52 30
466 406
309 371
429 16
208 438
218 316
48 32
20 147
178 385
100 403
438 359
307 281
227 306
333 386
306 291
315 142
268 20
271 192
436 225
212 135
273 322
67 138
422 304
12 274
105 290
203 278
252 392
91 51
399 189
336 306
326 256
321 438
311 299
172 332
336 71
185 363
163 1
61 117
313 359
48 387
227 418
482 215
178 374
255 432
39 311
342 145
425 81
154 61
272 236
115 50
168 130
118 63
399 49
238 449
456 227
30 265
35 235
109 124
72 441
446 306
273 373
216 1
92 218
471 171
367 460
13 476
346 107
111 153
113 172
56 252
60 329
214 313
334 200
344 329
268 483
261 60
262 386
387 316
359 206
400 215
201 371
91 11
86 278
95 112
442 483
146 471
297 32
97 262
258 484
415 182
149 53
181 310
2 124
131 122
93 19
122 371
475 142
244 428
178 445
55 433
103 416
461 148
439 31
14 465
207 64
259 39
105 426
170 118
94 290
399 316
106 78
93 325
264 48
31 180
186 220
71 264
371 465
173 66
183 104
314 4
377 251
463 210
474 299
316 104
406 79
134 231
160 171
54 232
18 114
459 19
51 480
63 30
139 461
376 151
186 425
173 361
127 405
176 278
170 157
275 123
257 383
120 422
184 256
337 431
426 429
108 1
137 238
326 16
127 332
210 122
331 295
131 244
467 453
90 460
163 440
416 387
92 69
110 170
93 309
366 24
326 247
431 447
456 212
45 153
21 371
463 429
33 88
111 314
484 284
248 236
310 56
241 265
181 251
42 236
250 324
238 353
430 98
179 477
4 90
384 292
305 309
376 384
233 160
267 91
106 126
234 191
78 114
203 354
173 29
12 196
139 46
301 439
42 253
439 8
279 249
350 462
263 6
151 436
404 479
46 412
221 354
19 227
133 25
205 433
147 321
19 327
454 101
354 321
130 208
294 423
30 324
421 483
373 304
393 238
174 196
232 89
133 74
328 214
124 337
315 4
218 239
245 60
328 45
375 458
352 7
208 29
479 407
377 310
96 433
135 440
92 446
125 200
465 106
125 29
467 346
172 323
183 428
141 11
471 356
389 300
452 132
274 339
26 244
459 265
108 405
92 384
468 65
402 32
311 115
95 288
377 185
68 471
109 17
174 140
86 133
48 52
279 183
202 400
53 354
3 470
472 479
303 76
456 48
39 90
154 389
470 451
310 318
128 185
246 289
138 199
430 436
56 425
420 375
349 125
445 325
20 18
415 288
11 99
361 190
252 307
430 349
394 278
306 398
289 383
211 300
83 55
270 211
137 62
377 97
273 70
217 66
62 169
260 54
367 346
371 198
296 169
316 63
437 80
90 23
232 433
417 270
259 370
162 177
134 481
24 348
187 298
188 50
209 215
60 182
191 73
89 184
343 160
273 388
58 364
99 313
89 220
203 450
13 6
188 351
123 265
443 92
142 401
364 103
146 306
13 430
394 368
327 27
316 128
377 473
287 179
383 222
41 27
400 423
319 138
313 311
242 199
304 252
228 320
66 65
353 331
339 174
332 431
211 175
404 412
71 106
132 155
41 417
348 111
267 295
140 477
441 165
102 127
310 394
295 37
230 404
406 155
14 399
35 175
323 265
94 258
147 455
292 150
181 117
473 433
211 445
156 25
390 347
401 386
24 466
352 137
129 150
419 400
324 343
260 438
68 364
331 418
124 78
399 364
70 66
254 424
415 299
78 418
128 460
429 275
329 444
126 104
444 49
172 331
245 283
38 152
158 136
266 88
245 452
117 227
283 55
351 292
297 147
312 273
158 125
254 392
136 92
151 267
241 396
143 316
428 177
150 313
290 284
136 431
1 388
211 69
420 113
190 354
348 79
369 441
353 5
58 389
198 365
422 428
307 92
422 113
342 144
446 460
252 349
159 185
296 229
410 237
211 356
245 449
113 170
180 344
421 91
262 444
376 109
1 152
408 144
322 204
128 236
259 254
178 452
103 241
268 422
159 135
57 392
217 461
99 451
148 464
419 182
222 464
431 7
4 380
69 384
216 456
307 428
175 84
203 74
424 484
391 453
453 8
231 76
462 56
265 463
56 424
236 359
40 155
442 69
38 220
450 303
30 185
226 325
242 426
172 319
136 203
263 373
134 179
414 390
462 290
434 146
82 75
163 298
49 160
441 316
256 33
370 144
154 268
239 463
211 256
18 343
365 145
353 323
25 77
304 298
294 235
187 404
256 310
378 62
454 342
113 417
390 412
288 414
18 74
58 294
367 451
275 191
289 227
12 481
248 335
279 385
482 442
297 19
397 57
342 192
417 269
106 366
61 174
439 476
47 236
188 129
354 230
104 128
364 90
176 216
435 399
82 281
302 90
59 322
140 271
354 361
203 175
294 173
138 243
196 253
406 28
249 217
25 110
184 445
347 4
145 355
3 307
374 58
322 453
30 469
433 320
3 65
28 161
136 175
445 131
42 216
317 135
394 333
341 38
453 97
392 229
249 107
130 185
66 4
100 380
450 378
214 451
285 148
236 430
390 433
465 262
223 356
21 356
77 363
399 407
334 178
426 383
19 118
408 127
144 452
424 209
240 58
191 235
77 310
436 464
21 100
34 74
21 258
231 154
113 22
160 123
42 372
265 224
447 396
352 288
119 473
33 167
271 35
202 81
180 270
325 175
319 61
279 457
202 307
175 56
128 119
100 365
371 311
101 376
59 120
2 156
431 89
263 419
348 219
282 28
450 243
321 152
461 342
3 386
149 464
338 424
261 334
238 342
257 413
214 362
342 310
462 370
429 483
164 6
169 335
65 174
371 317
123 418
237 365
287 382
210 484
229 330
409 349
75 351
424 46
300 382
29 76
349 41
2 80
61 86
18 258
31 465
118 5
322 155
401 195
8 443
199 132
470 270
405 73
208 465
16 162
465 267
427 77
420 468
404 255
238 393
60 396
105 460
384 186
317 9
54 197
39 177
101 460
464 74
112 157
263 305
206 11
306 190
408 234
303 480
44 101
290 149
407 231
392 367
433 85
444 343
376 164
292 452
353 223
455 66
340 261
233 404
381 406
188 239
244 180
49 253
220 207
355 321
213 14
299 106
349 171
170 19
213 199
268 220
237 374
434 302
214 182
46 369
231 285
58 383
258 187
26 457
103 74
70 387
22 281
369 137
483 181
119 200
22 45
338 30
420 31
102 408
188 99
67 395
242 316
221 45
374 224
246 443
33 10
56 16
419 202
28 417
267 153
67 392
308 286
130 77
193 229
48 414
113 360
350 424
437 40
68 321
320 425
432 258
240 145
56 202
363 83
426 280
271 274
232 335
75 479
186 266
111 30
94 203
159 480
456 295
119 172
125 272
36 177
183 71
426 167
21 406
299 478
142 47
38 253
213 209
455 13
411 98
483 246
83 82
79 344
158 1
403 207
402 464
252 134
219 352
465 229
242 476
90 149
402 358
436 16
149 39
223 439
410 287
2 299
457 174
162 392
389 341
278 314
135 153
374 6
426 190
263 63
343 467
182 91
209 435
251 96
60 26
290 301
175 430
126 227
397 122
403 180
185 319
49 55
391 275
268 337
379 246
338 65
76 126
133 310
173 57
128 351
32 144
319 301
424 260
88 265
180 132
256 304
192 61
83 360
206 175
294 283
404 290
236 302
295 461
87 330
137 315
240 371
323 103
395 308
190 412
262 42
117 332
259 125
456 316
50 256
219 18
134 362
208 224
325 237
483 481
243 370
308 266
88 198
73 19
289 119
427 178
301 61
302 268
96 55
403 181
97 451
129 40
194 473
147 413
345 166
84 456
436 207
27 302
327 447
106 190
141 427
438 30
411 306
300 466
150 94
303 218
394 171
299 477
419 250
443 269
175 481
30 174
75 53
445 8
102 365
479 253
207 153
133 200
473 340
460 130
454 384
336 383
379 282
271 150
40 262
460 463
117 248
103 18
83 138
120 190
173 118
167 250
80 460
283 58
404 34
445 41
352 22
145 62
206 406
47 279
69 222
69 333
42 35
168 31
150 310
446 385
99 185
300 378
449 479
46 402
448 23
380 297
169 51
271 468
403 287
135 475
376 333
100 474
349 290
123 89
40 412
373 130
153 459
62 58
475 252
217 346
129 467
107 1
234 288
158 338
366 201
287 48
139 341
321 262
275 199
281 451
79 305
309 41
85 199
63 342
209 15
337 483
205 125
97 185
449 56
283 248
147 131
466 321
372 387
388 270
166 378
216 255
332 228
409 457
173 129
170 146
149 362
120 144
141 315
74 10
381 83
5 143
148 405
263 10
43 399
22 152
176 398
254 75
134 7
355 61
231 203
348 391
26 340
250 420
86 166
28 16
354 244
215 125
98 116
90 237
355 444
109 4
346 402
215 25
101 290
24 43
117 362
17 161
181 427
323 278
223 134
111 81
359 429
213 135
471 245
418 371
295 28
127 20
282 315
233 100
443 282
36 307
21 46
338 192
263 291
284 370
480 96
94 319
479 105
379 147
378 56
358 402
280 20
449 113
76 337
2 108
426 369
57 125
49 337
38 36
453 45
375 195
89 266
441 294
139 73
231 314
390 245
10 211
45 255
83 126
379 228
455 234
456 420
299 85
298 50
119 24
21 375
81 97
162 296
195 354
387 253
347 450
236 403
431 192
75 443
412 123
160 452
283 124
147 234
281 169
5 261
429 188
435 185
478 298
414 451
356 66
152 297
469 304
371 111
337 222
245 337
96 230
472 5
292 362
4 111
392 83
254 136
82 351
8 393
211 86
116 38
182 425
377 11
244 242
188 147
242 390
439 28
260 221
260 276
3 480
33 239
179 183
481 360
270 142
224 382
103 313
182 27
369 420
426 293
292 344
400 104
412 413
41 314
463 290
297 409
409 170
117 353
140 18
334 191
198 290
357 77
87 139
74 158
288 173
149 284
18 366
216 70
295 124
55 214
344 256
319 104
322 396
119 249
471 145
259 201
202 174
24 455
246 215
451 163
266 163
284 377
363 266
85 62
414 113
455 438
471 323
45 188
72 328
293 406
324 321
484 293
182 412
30 416
327 128
115 337
86 209
354 193
140 412
19 278
306 285
339 381
401 432
214 344
68 32
332 170
46 430
83 450
42 484
184 192
45 229
221 65
111 26
14 424
182 253
419 132
258 252
107 428
308 150
227 218
13 110
439 447
216 107
32 326
330 195
56 231
180 113
36 62
70 446
221 54
145 345
192 289
395 332
382 380
373 398
318 214
94 174
369 267
453 69
299 442
27 450
94 337
92 219
279 28
125 100
368 299
72 127
12 436
260 33
153 173
53 412
184 283
178 349
266 411
63 256
238 477
414 112
64 164
56 31
370 284
354 299
282 341
275 466
306 318
308 258
242 475
60 354
285 193
482 25
254 321
254 462
45 141
26 331
327 463
319 132
130 28
431 446
288 354
457 458
128 141
357 385
346 37
246 273
240 155
258 420
377 141
419 401
64 222
110 178
384 216
187 445
231 4
264 424
28 309
137 344
222 226
71 240
41 235
169 389
314 312
284 141
184 5
27 106
445 38
116 425
52 152
323 10
355 77
336 317
437 29
463 275
471 151
201 244
7 439
30 344
110 136
273 2
131 19
415 112
453 438
107 387
302 453
188 454
11 18
186 440
110 12
408 407
374 438
463 370
308 482
381 317
1 300
441 69
346 88
180 124
11 216
272 167
34 365
401 108
450 284
47 123
133 170
5 84
476 226
200 213
274 41
106 395
123 393
327 113
157 202
376 390
467 16
194 132
284 316
157 6
212 73
218 467
177 159
263 258
160 358
217 142
57 143
323 426
132 309
159 343
285 8
349 8
460 59
132 124
341 70
193 141
61 137
217 83
220 209
327 118
188 367
188 136
227 330
457 477
459 123
289 92
81 247
253 96
332 365
273 474
70 459
120 245
391 49
409 133
369 425
431 283
338 171
424 345
116 263
401 414
75 214
152 172
434 437
434 462
52 456
353 201
129 224
155 353
256 420
111 384
408 138
249 182
265 120
236 449
385 180
341 390
3 39
283 368
434 65
186 43
402 139
351 289
138 116
142 220
36 475
279 460
26 362
428 12
231 65
307 434
401 442
388 428
337 192
116 211
483 443
2 377
134 64
328 410
46 37
298 147
354 347
257 8
307 363
341 85
9 194
110 370
442 206
13 150
193 471
86 153
444 407
288 293
469 122
71 93
454 121
342 318
301 243
362 178
330 319
30 393
380 153
329 415
320 459
131 1
41 362
168 192
354 280
325 291
415 331
256 93
457 115
263 220
393 127
371 39
370 28
15 129
129 328
201 446
15 108
199 309
100 198
420 20
61 23
76 379
207 5
392 233
169 232
367 3
419 361
67 199
258 84
63 311
54 441
124 73
5 151
238 241
158 287
16 337
325 77
95 415
197 36
321 426
196 96
453 467
238 190
261 398
220 263
303 184
52 301
12 176
19 260
422 201
367 166
190 125
418 142
420 251
198 273
323 129
253 88
171 145
310 218
18 336
120 392
145 287
484 65
235 66
400 304
129 193
186 42
401 368
280 110
116 207
471 147
127 11
265 86
344 443
94 129
289 293
240 264
119 466
422 458
329 262
27 431
24 45
266 141
69 372
262 152
441 222
264 240
439 120
39 420
443 48
254 204
340 334
130 470
283 144
90 408
262 202
402 421
155 48
241 199
216 291
64 254
417 152
84 12
130 54
385 28
439 393
257 65
273 146
148 311
307 222
213 371
198 304
215 423
268 240
1 295
317 72
89 448
40 398
230 475
145 81
446 56
49 5
383 73
467 210
216 446
180 148
90 209
219 165
55 452
198 178
16 147
324 96
402 100
199 451
437 417
339 451
307 27
165 312
468 471
63 401
25 422
14 393
433 39
458 44
331 357
79 484
68 26
79 315
14 70
482 476
224 431
429 98
386 190
189 353
153 182
136 446
66 110
282 303
366 398
72 301
148 479
450 110
239 37
418 24
188 368
140 480
243 340
87 168
398 266
227 401
66 338
86 437
7 177
313 229
403 304
167 413
418 260
129 329
404 158
175 205
116 322
252 357
353 42
81 98
423 148
455 303
213 362
448 68
43 87
444 392
277 81
379 372
430 234
385 117
284 215
260 163
234 112
292 23
239 330
23 262
58 276
182 83
310 161
12 93
301 347
233 144
400 148
418 12
109 75
251 122
301 36
405 109
385 479
59 64
398 150
356 321
46 40
428 59
238 117
399 4
364 467
171 48
329 243
419 462
3 214
138 146
255 288
20 409
242 380
7 454
289 38
137 83
88 190
152 245
184 33
185 108
12 354
343 227
315 235
10 155
367 322
462 328
247 148
285 366
217 226
317 327
155 422
104 344
62 312
314 279
49 218
202 193
39 132
317 384
449 354
82 112
279 224
304 211
369 366
187 164
144 241
459 157
286 312
201 399
59 85
89 327
363 115
177 373
376 331
