497 1251 400
488 101 198 422 377 218 162 22 88 482 477 118 19 255 241 223 82 492 378 291 338 126 222 475 57 156 257 449 226 166 447 61 487 441 321 374 273 248 393 161 350 209 91 40 296 183 186 114 10 228 352 407 368 49 200 415 295 212 29 196 31 284 362 448 397 452 122 15 193 169 429 280 496 456 79 181 293 315 355 100 442 494 269 360 109 51 318 140 224 439 45 185 247 278 497 24 179 87 180 375 384 120 245 332 390 398 129 363 472 464 410 412 323 138 36 308 159 242 403 473 175 319 184 47 85 34 145 268 191 39 235 260 470 90 286 356 66 13 312 73 150 476 96 4 70 372 317 249 213 128 144 195 197 158 387 74 246 419 327 77 340 98 60 78 215 189 258 69 485 420 300 58 54 112 342 490 157 423 337 170 261 102 320 325 304 298 431 463 187 229 267 243 263 94 414 240 309 177 67 316 124 53 373 256 56 28 32 465 250 121 259 271 127 230 424 164 367 282 113 395 72 474 292 174 386 399 493 462 421 401 93 171 489 83 453 466 455 132 432 33 182 299 221 405 23 75 148 264 379 147 12 451 92 382 406 275 396 426 5 341 433 25 227 43 217 130 117 436 371 457 381 244 486 231 458 417 413 135 95 310 55 190 404 252 68 160 251 9 143 380 311 35 3 279 107 400 14 385 136 7 290 214 289 38 167 266 65 428 443 324 133 97 425 333 491 211 163 59 349 201 479 237 26 134 459 86 302 204 339 411 484 357 307 409 172 149 18 437 105 17 288 314 202 16 11 253 389 20 80 348 119 154 141 305 71 361 471 434 233 330 483 392 52 402 104 469 460 329 438 285 178 192 394 111 206 205 165 365 236 446 8 416 30 265 270 219 478 440 21 194 125 358 64 450 346 238 354 220 210 391
307 33
263 57
72 462
466 24
467 400
228 385
368 161
241 364
17 291
313 126
307 361
227 142
399 236
481 416
456 229
123 340
307 436
271 450
351 395
132 201
431 32
462 199
246 197
349 21
44 202
121 357
407 445
479 285
81 96
284 309
412 64
371 437
35 471
4 399
455 53
476 20
284 65
26 274
52 36
196 231
148 314
144 310
110 240
432 402
435 254
181 455
212 280
344 475
460 83
273 386
141 423
449 247
73 365
225 24
481 397
406 87
215 18
368 271
322 129
205 492
373 102
376 285
264 126
328 496
268 95
444 428
269 151
426 348
128 328
345 487
252 15
170 44
307 337
237 83
442 77
146 363
55 45
174 405
422 95
121 474
47 202
436 95
348 272
406 239
106 13
290 400
385 340
7 12
207 162
26 198
178 437
223 457
186 166
148 124
326 423
420 322
16 12
219 320
17 5
257 103
71 56
268 339
36 398
220 350
103 164
444 88
445 194
11 156
301 479
68 248
270 224
84 199
476 460
142 189
58 277
126 270
493 232
294 261
145 472
120 71
452 17
110 59
114 159
214 51
7 335
350 15
287 136
351 458
491 286
22 189
488 343
404 425
64 17
264 272
40 200
423 81
24 468
464 101
37 114
23 253
285 181
77 164
147 325
273 156
330 171
111 42
20 395
357 232
457 216
413 326
442 60
470 496
235 141
210 373
230 120
282 70
369 484
362 495
132 268
119 262
438 94
470 71
233 198
95 349
12 119
343 296
496 248
75 15
225 311
310 193
422 368
320 267
326 456
61 257
341 142
387 146
387 13
85 149
16 1
194 285
468 85
332 168
412 363
389 303
68 71
2 225
142 15
106 263
46 230
294 121
289 266
261 279
290 307
330 147
423 437
5 478
405 280
459 471
184 409
88 374
421 278
489 249
289 88
392 10
120 177
432 268
60 282
43 100
356 32
65 32
127 162
103 102
3 90
90 42
375 282
421 106
203 469
473 438
300 442
253 435
427 308
12 412
243 23
296 12
364 473
220 115
483 34
115 134
281 152
404 310
308 233
474 165
31 64
369 244
212 50
128 227
245 488
491 319
278 295
257 407
120 85
172 185
166 255
89 284
359 409
39 49
351 156
198 296
34 54
19 46
465 301
95 440
326 183
173 105
221 236
62 344
248 72
110 168
422 194
226 265
160 455
318 449
286 222
96 343
224 251
118 144
118 3
14 351
273 259
16 65
41 454
272 167
61 305
451 339
205 195
38 244
170 316
423 390
333 14
105 360
372 153
163 305
242 267
423 455
20 172
260 355
301 464
396 302
184 224
174 316
63 8
60 304
71 288
368 68
57 84
238 486
262 264
41 136
381 406
487 1
65 276
103 323
247 149
279 391
38 332
358 210
483 242
211 119
242 428
98 291
337 86
442 185
407 392
75 281
472 86
235 80
451 384
406 186
41 339
484 105
30 449
98 120
475 87
120 264
259 225
343 465
437 211
57 234
359 379
359 90
210 319
324 428
326 488
122 154
463 408
247 398
170 22
366 457
161 428
200 224
99 182
336 228
288 134
385 212
308 473
395 94
388 311
421 128
247 292
214 52
466 241
152 88
239 433
429 360
392 497
222 330
461 487
112 57
72 336
52 401
362 480
327 16
360 496
88 476
120 133
319 469
232 491
248 79
209 305
407 366
232 285
65 407
33 150
73 145
429 425
285 175
31 116
282 222
246 360
149 3
417 365
476 347
199 314
161 376
455 380
125 47
189 76
351 267
472 173
228 37
16 426
97 437
331 195
73 142
179 487
302 80
161 194
370 34
329 213
194 69
439 463
338 365
235 79
298 336
202 193
388 116
172 442
76 10
302 85
136 298
65 9
338 168
436 128
76 465
175 256
215 377
198 106
56 320
415 386
33 413
210 182
78 376
129 399
300 107
59 250
20 149
9 184
3 372
478 26
105 109
202 493
127 274
186 252
186 188
163 495
455 172
29 56
51 330
76 403
303 167
465 293
277 113
105 426
229 186
101 156
385 355
426 51
26 149
304 292
246 427
440 477
123 388
213 417
47 489
325 93
439 405
112 24
288 204
50 401
280 19
231 43
393 201
405 319
11 295
69 237
79 126
281 188
38 48
414 389
28 457
269 433
358 116
25 213
283 373
314 321
289 405
459 399
145 106
52 164
45 414
382 284
387 108
39 288
231 207
371 289
47 180
47 46
479 197
328 6
487 69
14 210
242 261
7 465
187 360
253 461
70 108
236 217
278 223
176 432
434 199
417 396
396 178
215 272
258 151
151 243
348 454
74 436
480 91
299 80
496 274
493 160
368 283
35 368
120 108
439 449
383 371
460 253
250 173
201 110
290 492
274 456
229 11
193 305
438 462
493 240
166 190
176 429
92 333
84 348
56 97
352 313
62 46
398 27
298 128
474 108
198 283
420 465
199 371
368 224
305 451
251 376
220 322
46 137
333 283
250 122
68 217
299 335
322 135
104 215
338 489
164 415
114 106
164 40
225 397
380 374
489 12
335 278
418 93
288 370
249 467
68 362
348 320
447 9
348 349
451 96
152 111
348 235
465 220
457 110
332 198
384 38
352 375
417 13
356 189
417 399
451 235
402 356
404 201
480 427
485 468
138 267
277 417
307 192
125 150
365 259
169 198
191 260
427 162
151 285
176 482
438 179
387 388
298 233
453 18
115 331
274 468
150 342
459 342
324 37
167 6
293 65
145 460
62 3
292 207
201 127
73 206
495 121
440 168
205 138
453 477
329 134
187 151
158 16
301 227
155 418
357 72
58 389
395 253
287 224
400 36
131 20
22 156
371 480
134 254
420 129
371 327
315 292
166 16
107 178
170 59
155 427
359 44
40 377
263 221
362 254
482 404
322 9
398 365
143 294
203 319
272 408
447 318
15 240
315 139
212 124
459 313
82 418
235 1
184 187
352 254
228 326
363 490
60 400
373 58
123 114
287 38
379 426
273 380
412 42
286 260
364 190
336 46
276 13
24 487
4 9
367 476
180 33
111 65
99 449
385 92
122 126
23 427
177 39
400 197
51 332
442 226
260 333
11 268
312 10
226 488
33 350
300 470
117 201
280 381
483 377
459 266
242 94
149 94
252 56
481 149
402 471
380 362
381 85
311 377
177 408
298 357
67 159
29 295
432 394
113 288
456 162
426 331
121 41
240 173
181 238
113 347
264 432
343 393
251 1
466 44
476 43
350 165
244 17
154 386
340 442
178 131
124 359
225 30
478 165
177 378
146 126
151 483
433 245
214 301
388 475
61 373
474 270
374 118
183 179
77 159
363 386
39 144
93 16
496 173
81 256
349 299
215 311
407 132
285 162
457 295
188 387
457 136
284 33
187 234
327 336
345 33
271 206
144 383
430 99
17 443
196 485
169 39
102 360
481 120
334 50
358 379
160 192
28 230
348 473
166 237
383 385
27 271
343 136
320 95
158 490
445 9
106 448
321 70
240 414
420 491
81 59
146 471
154 296
359 450
166 345
302 112
148 379
382 416
200 66
436 394
3 282
482 104
180 294
287 355
434 82
455 389
30 241
373 459
40 316
23 271
120 292
292 417
260 361
481 424
277 318
323 483
2 449
142 177
113 252
474 161
188 292
57 431
394 216
90 88
408 478
463 214
423 301
31 251
490 104
52 394
375 366
152 132
5 92
459 11
279 45
317 53
385 454
146 408
385 101
404 302
83 341
264 399
437 77
404 439
143 391
184 445
303 399
374 109
311 346
370 338
200 212
57 456
120 375
393 92
483 467
100 116
23 74
174 391
115 152
77 39
474 293
346 198
177 271
474 62
228 99
328 266
366 310
433 430
375 46
176 67
302 49
443 252
236 183
315 126
113 24
234 128
36 372
178 124
475 71
246 77
402 162
62 110
209 406
489 158
236 333
22 453
312 150
212 417
113 199
32 274
4 12
44 160
419 171
308 118
355 312
325 39
163 449
217 54
305 381
123 418
323 399
370 91
352 116
239 221
36 109
482 50
373 146
441 77
269 4
255 181
420 156
184 266
25 283
334 236
68 59
225 483
472 400
124 305
301 420
475 209
463 47
408 406
258 260
171 40
114 415
440 67
170 181
220 347
457 164
69 328
214 32
225 200
411 316
371 158
453 7
469 27
233 120
262 51
313 181
307 300
106 89
421 285
279 301
202 232
40 494
268 420
391 67
241 195
151 391
339 491
52 79
199 3
436 304
309 273
452 45
122 287
130 80
473 138
250 51
299 115
44 85
416 427
268 96
82 481
92 336
244 68
33 286
485 244
171 148
253 236
481 447
456 65
48 289
223 20
442 424
367 311
243 274
165 56
454 260
474 238
204 42
133 370
434 431
473 322
401 471
14 405
152 215
188 315
274 188
475 85
88 281
413 38
283 26
191 185
486 470
144 163
149 459
451 140
247 315
212 335
245 331
471 4
107 78
468 113
98 12
311 382
440 145
448 356
190 146
476 7
305 40
334 358
221 435
123 303
43 35
178 184
477 323
490 251
118 196
190 462
258 318
472 301
134 306
388 198
9 182
236 316
351 325
96 210
468 489
443 426
115 64
203 46
63 27
68 370
220 388
371 191
392 262
157 359
276 264
152 149
123 109
215 344
221 459
24 46
378 86
113 193
440 376
9 349
187 461
322 197
193 14
334 121
394 403
205 184
410 260
458 115
202 274
343 333
115 107
326 379
307 347
372 59
81 15
162 355
227 483
89 188
36 478
310 332
396 415
336 70
337 442
326 103
159 166
339 458
238 175
262 475
451 75
463 338
128 335
336 55
161 5
487 163
455 79
84 368
478 58
309 454
196 163
258 64
188 423
203 237
309 94
158 327
132 279
420 58
317 149
355 496
184 330
460 228
20 142
304 208
442 446
453 70
155 410
195 352
488 287
296 419
204 457
107 130
422 205
194 308
309 265
469 310
32 244
233 269
351 385
135 140
40 8
165 426
481 1
495 392
494 119
373 480
479 466
380 181
133 458
152 53
63 151
156 52
138 135
115 279
394 299
333 116
110 8
221 12
378 332
135 41
188 192
388 406
460 493
224 184
352 323
275 241
75 477
395 337
361 291
330 201
282 264
337 104
92 275
170 317
124 197
419 115
275 330
83 42
358 211
15 407
147 231
139 77
130 299
373 110
378 17
51 170
184 489
234 375
317 364
249 469
151 108
188 370
208 494
458 371
24 197
231 183
348 395
464 71
7 260
366 70
283 154
486 422
21 109
112 289
320 405
492 279
471 476
124 308
163 300
383 238
321 285
425 81
127 22
144 12
387 242
120 23
26 108
284 486
410 425
373 352
383 397
74 473
464 205
7 436
461 222
174 343
462 485
99 275
65 24
93 378
98 142
119 79
6 472
310 194
117 119
288 441
493 372
484 235
295 114
44 7
112 322
82 495
298 125
268 169
426 225
55 224
413 179
120 58
471 210
60 180
403 69
300 84
62 486
177 383
221 298
155 100
27 197
2 338
107 389
122 65
347 403
171 229
149 164
233 97
97 139
193 319
293 9
347 175
410 402
179 101
77 287
204 184
445 438
158 54
258 297
111 334
347 199
272 229
435 301
496 233
273 408
58 356
421 36
389 327
439 392
459 373
104 93
327 112
497 64
164 446
405 348
434 122
138 262
106 73
28 477
