482 463 96
123 270 462 181 102 39 8 345 349 97 438 481 91 319 427 151 447 450 67 287 273 139 258 125 352 451 302 336 81 3 108 272 197 415 329 440 297 290 163 339 364 425 76 467 7 358 347 207 37 257 254 437 248 362 476 169 405 449 195 268 480 455 406 274 263 31 380 286 251 101 454 1 404 256 281 243 46 223 61 80 161 399 113 22 372 301 217 265 227 338 376 267 128 368 369 17
119 128
389 119
307 119
256 307
378 128
6 307
2 389
58 2
310 58
390 389
189 389
296 128
48 390
84 378
263 390
31 263
185 6
346 48
209 390
305 307
374 189
70 374
150 31
290 31
220 296
66 305
276 307
186 119
201 70
399 374
427 296
140 263
226 427
294 276
137 310
467 220
94 310
109 6
248 48
136 467
358 150
16 290
275 109
428 31
481 2
180 390
138 48
95 94
90 186
370 408
370 108
370 318
408 88
408 74
408 36
108 401
88 425
88 32
88 154
88 78
425 476
425 157
425 426
425 429
476 413
413 175
157 224
157 472
32 394
426 240
426 463
426 80
175 451
154 448
154 177
154 460
240 38
240 27
401 331
401 260
224 372
429 169
429 313
38 64
38 380
38 60
448 164
164 100
74 457
472 14
36 121
451 299
451 61
460 124
380 266
27 295
295 107
219 1
437 219
232 437
325 219
39 219
431 1
367 325
239 325
67 39
324 217
324 352
217 287
217 322
217 430
287 216
287 298
287 272
216 277
216 24
216 355
277 326
277 208
277 54
298 270
270 452
270 335
270 91
270 273
326 258
326 466
326 267
267 246
452 454
452 330
24 328
322 255
322 203
322 402
352 386
386 204
386 368
255 75
255 211
255 264
203 145
203 176
75 152
91 257
145 212
145 340
176 339
339 432
368 213
345 172
345 43
345 167
345 207
172 130
172 321
172 205
172 470
167 473
207 381
205 158
158 302
158 139
289 391
289 262
289 348
289 41
391 341
391 71
391 125
262 162
262 143
262 148
262 366
162 274
162 147
274 357
341 215
341 133
348 68
348 286
348 22
143 385
143 323
71 269
71 443
269 282
269 441
68 89
385 214
385 149
89 259
89 439
214 35
214 12
286 129
286 247
35 72
215 53
148 447
259 210
282 411
129 281
125 362
210 112
112 459
362 477
362 244
411 424
477 320
447 73
459 47
436 333
471 436
191 436
236 436
141 471
312 471
334 312
285 334
160 471
438 334
421 191
123 141
114 191
414 410
414 7
414 65
414 419
410 50
410 361
7 17
7 407
7 453
7 45
7 433
65 194
50 132
50 417
17 40
40 278
453 18
453 359
194 56
194 3
361 344
344 116
278 146
45 238
106 444
106 354
106 21
444 10
444 284
354 103
354 400
354 49
21 388
21 343
10 461
10 418
10 85
284 435
284 283
284 110
284 336
103 403
103 83
388 183
400 4
403 163
283 233
283 76
343 478
343 29
163 349
418 415
196 308
26 196
8 26
464 8
387 196
280 464
300 308
317 308
151 280
371 387
69 387
153 300
405 69
15 405
187 26
174 308
223 464
288 151
135 317
241 113
241 456
241 161
241 30
241 243
113 131
131 46
161 376
46 422
46 479
142 271
142 42
142 115
142 382
142 51
142 127
271 44
115 303
115 306
115 316
115 353
382 79
51 190
51 356
44 81
44 347
316 315
356 28
356 225
28 9
369 199
369 449
369 98
369 13
369 392
199 168
199 87
199 329
449 57
449 206
168 250
250 197
98 363
98 166
197 301
197 350
197 297
87 156
156 416
57 155
13 105
301 465
465 268
465 434
268 338
105 446
350 445
350 20
434 480
297 252
480 231
480 5
252 37
206 235
235 279
392 192
446 227
227 455
104 25
23 25
292 104
82 23
261 23
93 292
364 25
182 93
77 261
450 104
242 82
52 77
99 242
120 450
97 82
19 182
59 77
420 82
309 182
423 104
406 420
253 450
134 261
409 292
304 104
198 309
314 423
195 304
188 242
200 409
379 420
221 450
265 25
111 82
342 265
33 25
11 221
181 102
377 102
118 377
86 181
251 377
468 251
126 118
254 251
193 468
396 181
144 396
184 251
63 181
171 63
365 254
249 254
55 251
319 102
122 102
360 184
230 102
218 251
440 63
92 377
404 377
229 396
327 181
469 365
96 251
34 102
101 171
311 55
482 249
373 337
412 337
395 373
393 337
234 412
397 373
170 234
332 170
375 332
178 234
442 393
62 393
222 170
351 62
474 178
165 393
228 173
228 475
173 159
159 383
159 293
159 384
159 291
159 245
383 179
383 117
179 458
384 237
202 462
