288 500 77
62 134 89 281 136 91 115 274 271 157 194 119 37 215 172 256 269 278 192 116 87 14 88 251 145 189 92 222 83 51 154 82 239 217 94 32 174 43 21 242 27 190 117 54 143 139 5 72 168 277 127 24 60 35 70 187 216 137 232 258 123 17 106 71 144 11 125 185 57 156 196 213 58 253 18 93 26
200 254
200 36
200 24
200 218
12 263
12 35
12 39
179 240
179 210
179 257
1 77
1 166
1 208
1 40
88 229
158 173
158 239
158 47
181 276
181 45
233 154
6 76
81 204
81 183
81 2
7 230
7 263
213 43
277 198
277 98
125 40
125 188
125 169
125 194
232 108
232 266
259 76
259 153
259 136
22 206
64 157
64 36
127 286
127 120
175 161
111 105
111 80
167 252
167 268
241 76
241 211
241 228
43 177
43 112
59 208
59 71
59 36
59 145
189 256
189 209
189 38
250 151
250 219
250 216
58 146
271 155
96 210
96 148
96 69
153 227
153 106
153 35
210 65
210 141
210 110
210 262
145 216
145 69
65 61
100 156
25 244
25 255
3 207
3 274
268 105
268 113
268 24
268 20
268 143
40 36
40 29
57 124
57 275
57 144
57 208
44 34
55 169
55 123
113 185
113 150
204 97
11 135
121 278
121 222
121 192
121 9
235 205
253 274
231 28
193 130
193 247
215 106
215 60
215 95
215 134
215 283
169 94
51 172
139 54
139 129
139 283
139 186
245 249
245 180
72 239
72 23
72 262
72 254
89 205
89 135
28 83
28 47
265 152
56 4
56 8
56 70
56 244
164 216
164 118
199 29
199 110
29 283
49 60
49 248
49 198
49 216
49 201
205 184
205 116
276 211
92 180
92 257
92 32
92 149
105 78
105 278
266 261
266 156
266 98
266 206
266 114
288 160
288 17
157 137
251 14
251 126
223 15
171 154
171 262
171 242
171 248
267 208
128 165
128 279
128 216
132 18
16 188
138 87
83 216
97 280
249 252
249 122
249 256
202 149
202 107
48 70
48 248
52 5
52 190
185 216
185 256
165 137
85 13
10 230
10 273
162 75
162 242
30 17
30 280
30 173
30 284
63 174
63 236
26 270
26 168
131 221
131 236
236 123
236 196
53 2
126 71
126 166
133 108
79 54
79 70
79 283
212 260
212 60
212 211
212 147
212 94
212 285
212 151
147 206
147 227
13 36
13 218
182 224
182 263
135 19
190 263
190 195
190 278
190 260
242 112
242 34
242 211
69 104
69 124
261 50
261 191
269 130
269 196
269 104
119 124
219 248
151 123
151 136
151 278
108 70
191 206
191 198
191 201
195 247
42 129
42 23
42 170
42 247
225 76
225 280
225 95
225 36
221 114
221 21
221 159
32 78
32 280
32 208
32 177
240 47
174 109
174 15
122 23
122 184
170 98
170 134
238 166
238 109
238 209
84 224
84 33
84 17
281 230
281 246
281 180
148 110
144 118
239 188
239 286
239 206
87 230
87 27
280 206
280 114
9 246
9 206
270 94
270 282
270 46
244 152
15 101
15 114
15 214
173 104
173 82
173 218
149 257
17 247
17 120
82 216
255 70
255 66
255 23
264 203
18 262
18 2
75 37
75 274
168 27
168 112
168 95
54 229
94 134
94 73
94 76
94 154
94 198
94 37
94 208
120 124
102 209
102 123
73 31
73 141
19 156
112 237
279 161
129 208
129 134
137 211
137 37
137 31
211 116
107 274
107 143
254 224
254 209
254 208
254 20
226 27
237 278
186 274
186 180
186 109
227 194
227 99
23 187
23 285
23 207
23 123
134 39
134 21
272 62
272 166
197 247
197 218
104 31
104 106
282 142
77 156
80 286
80 283
80 256
80 27
161 154
62 76
62 196
62 247
62 183
118 177
247 156
247 285
247 124
247 98
20 229
156 284
156 194
156 123
78 2
78 136
78 166
152 208
152 130
152 209
188 141
252 38
252 143
252 214
24 192
273 47
117 201
183 2
285 194
285 34
285 106
114 34
114 27
114 274
274 214
218 177
218 207
218 76
141 124
141 46
141 110
284 130
284 229
284 256
214 34
136 34
201 46
201 123
208 198
208 209
180 70
217 194
217 166
217 38
99 124
194 50
262 224
216 33
38 2
38 278
38 246
38 229
38 21
34 209
106 101
106 66
98 46
257 192
187 27
187 60
278 60
278 286
46 286
229 166
229 60
47 166
47 209
47 246
47 130
47 154
110 196
110 230
110 166
196 230
246 21
95 286
95 124
172 142
172 2
172 198
283 21
283 66
209 76
76 116
76 143
76 70
286 60
286 37
198 230
198 116
50 116
207 230
207 192
70 27
101 2
37 224
37 60
142 66
154 224
66 2
66 21
66 27
66 143
206 116
206 166
143 60
2 116
60 124
21 224
21 124
230 192
124 166
124 116
116 166
116 27
224 166
