500 658 488
366 444 148 58 359 350 490 183 69 210 231 60 311 7 391 8 211 362 152 74 169 445 194 57 233 125 241 361 269 385 329 70 174 300 413 61 128 133 206 338 399 406 353 384 20 419 232 324 293 190 290 122 90 278 364 267 221 46 164 124 297 9 179 499 440 376 486 55 295 66 484 498 168 473 88 150 116 108 369 405 255 230 280 215 404 126 309 355 417 76 283 336 78 358 151 101 483 37 322 63 154 433 327 173 10 426 305 400 276 277 98 402 163 424 191 216 396 245 467 105 247 47 379 234 432 236 31 68 226 462 72 382 409 383 86 319 18 317 131 341 48 461 470 104 260 360 59 468 347 94 308 120 73 102 6 195 13 412 184 252 227 166 197 119 487 75 225 193 352 239 346 464 401 340 284 446 345 229 314 437 135 270 377 390 248 77 117 310 423 146 156 427 64 351 418 41 451 491 32 466 39 403 388 339 272 449 448 288 493 428 271 274 91 132 375 430 367 306 157 17 22 176 460 422 219 208 16 286 35 200 23 246 127 109 196 301 175 65 334 167 145 393 381 82 205 207 5 114 170 316 141 172 434 28 348 87 378 187 158 1 138 85 51 162 199 42 84 182 12 323 459 296 220 19 387 26 485 95 202 457 373 171 53 442 134 279 386 410 50 407 228 273 118 137 249 27 79 398 49 370 414 203 438 356 33 292 476 282 178 130 189 180 204 365 374 471 30 21 259 165 500 469 25 465 198 304 454 455 482 251 495 81 11 107 492 250 453 99 425 110 144 477 111 83 335 29 480 429 463 258 147 325 243 456 54 155 496 475 450 321 489 439 224 89 177 209 238 262 153 294 332 223 481 312 372 443 447 38 479 307 106 218 315 354 45 201 397 478 62 4 2 214 43 192 326 15 263 494 44 435 328 344 24 389 268 80 264 129 368 242 289 235 287 256 121 100 257 394 40 298 212 313 331 266 213 115 458 97 143 71 265 303 488 302 416 237 281 186 113 56 142 380 497 240 333 188 3 395 420 343 103 139 436 285 408 431 140 181 261 222 253 93 112 472 36 96 185 34 136 160 474 52 349 123 254 275 330 291 217 244 320 392 342 149 159 299 161 415
472 195
472 68
472 444
477 413
366 118
108 102
245 177
245 387
245 424
422 418
422 419
47 364
47 352
317 109
260 195
260 113
260 143
468 16
468 59
468 152
468 400
56 80
56 496
188 145
265 51
265 493
73 439
401 280
401 309
401 114
234 288
234 336
234 421
328 368
78 470
315 145
315 480
421 225
421 246
421 142
428 334
428 55
428 109
64 224
70 241
70 499
70 334
70 275
147 97
147 63
499 128
499 195
175 240
344 54
344 288
344 348
344 212
344 433
322 440
322 433
322 482
58 331
58 371
58 13
259 331
259 91
470 30
470 352
470 320
493 432
493 372
152 337
117 304
117 139
117 142
177 214
177 464
256 246
256 429
219 80
95 153
360 72
360 500
360 299
49 211
80 268
179 213
68 246
362 453
277 473
304 91
304 376
312 134
312 325
312 123
457 314
457 116
343 275
130 91
54 462
71 269
71 166
134 81
134 314
482 91
20 419
20 373
20 372
325 223
325 434
466 334
72 416
72 115
240 269
439 356
439 52
297 371
297 440
297 337
297 390
337 353
141 335
500 55
500 213
335 409
126 440
356 223
223 171
60 444
60 346
416 399
416 464
316 113
316 442
55 106
55 339
339 270
61 372
498 431
498 390
409 102
409 442
258 431
258 231
88 94
88 63
88 488
88 96
372 100
326 348
326 109
326 440
379 419
364 241
59 290
59 390
59 434
373 308
373 48
373 355
355 94
274 167
274 431
431 31
431 336
19 109
93 165
268 106
268 462
204 353
204 438
204 479
386 308
116 85
116 266
352 336
352 307
231 228
231 488
231 115
231 280
231 404
348 48
348 169
128 479
479 353
479 464
479 266
211 467
190 371
190 453
226 118
226 115
226 85
226 102
167 186
167 399
167 113
425 241
425 496
425 119
425 374
331 371
331 278
331 193
288 101
288 115
288 266
266 115
266 303
266 31
232 102
29 341
29 367
16 462
365 101
365 419
365 214
365 478
467 438
390 101
390 30
390 272
279 496
334 419
320 181
173 249
173 396
173 483
410 399
410 101
217 186
217 153
119 488
119 132
119 313
96 151
96 291
96 31
96 165
415 31
278 399
278 309
419 100
419 303
249 310
444 180
444 459
434 347
434 91
52 396
346 400
346 438
400 495
400 336
291 15
291 159
81 496
81 132
81 293
159 494
159 473
159 225
224 478
224 494
488 332
488 336
432 313
432 496
353 332
7 113
7 115
368 308
151 121
151 101
151 462
48 438
48 186
48 303
496 15
496 494
63 308
63 418
63 102
94 180
94 336
98 15
98 464
462 115
462 85
106 299
115 91
242 299
280 438
280 100
280 332
91 169
38 153
38 111
270 336
270 118
270 132
270 438
270 90
438 275
438 453
443 329
180 209
180 15
31 118
31 420
189 229
478 371
51 494
399 186
473 214
473 215
100 86
494 214
142 118
142 114
186 97
86 233
424 309
299 6
233 85
303 209
275 371
275 228
6 13
6 213
396 464
225 121
225 305
225 228
225 181
15 30
15 181
15 332
101 209
181 371
85 213
118 169
118 336
309 13
309 371
309 132
309 149
132 464
308 313
308 13
308 336
13 228
114 228
336 459
336 442
336 213
169 121
169 464
113 459
459 30
459 213
228 30
213 464
213 30
313 30
313 371
30 121
30 371
121 290
121 442
121 371
464 371
464 442
371 442
371 69
442 290
374 104
104 402
402 164
402 374
164 425
429 45
45 172
172 253
253 276
253 294
276 358
358 294
294 489
489 194
194 441
441 437
437 391
391 363
391 194
363 206
206 423
423 256
329 222
222 330
330 230
230 207
207 125
125 122
122 12
12 34
34 79
79 161
161 397
397 475
475 155
155 205
205 168
168 87
87 255
255 220
220 388
388 178
178 427
427 27
27 443
27 161
480 436
436 237
237 315
237 480
90 174
174 23
23 18
23 174
18 270
149 140
140 486
486 33
486 327
33 327
327 345
345 407
407 435
435 309
293 254
254 137
137 75
75 295
75 137
295 361
361 393
393 81
307 148
148 22
22 451
451 340
340 197
197 357
357 74
74 383
383 53
383 107
53 298
298 107
298 197
107 176
176 67
67 352
420 192
420 261
192 349
349 103
103 465
465 160
160 131
131 261
261 446
446 469
469 31
166 450
450 42
450 306
42 24
24 306
306 262
262 414
414 369
369 71
483 26
26 201
201 492
492 158
492 26
158 286
286 461
461 244
244 173
310 378
378 133
133 452
133 378
452 370
370 236
236 289
289 476
476 44
44 182
44 289
182 249
69 474
69 282
474 252
252 65
65 389
389 282
282 371
404 184
184 238
238 456
456 243
243 138
243 263
138 187
187 497
497 292
292 311
292 32
311 263
263 200
200 382
382 218
218 32
218 354
32 324
324 281
281 445
445 354
354 273
273 1
1 35
35 449
449 403
403 231
111 129
129 66
66 203
203 267
267 162
162 239
239 110
110 381
381 170
170 191
170 129
191 319
319 395
395 84
395 267
84 484
484 38
123 491
491 4
4 481
4 463
481 36
36 485
36 460
485 221
221 77
77 163
163 408
408 490
490 460
460 417
417 463
463 312
367 11
11 342
342 257
342 11
257 384
384 405
405 146
146 338
338 120
120 406
406 250
250 83
83 248
248 318
318 487
318 406
487 185
185 29
215 135
135 323
323 473
323 215
171 43
43 136
136 10
10 154
154 333
333 351
333 448
351 448
448 223
376 46
376 377
46 150
150 89
89 105
105 3
3 247
247 50
50 157
157 287
287 430
430 398
430 377
398 40
40 454
454 455
455 21
21 196
196 112
112 28
28 25
25 377
377 304
143 385
385 471
471 302
471 375
302 124
124 216
216 375
375 14
14 394
394 285
285 260
272 359
359 17
17 321
17 41
321 41
41 39
39 426
426 156
156 300
300 390
193 9
9 183
183 92
92 331
92 183
229 8
8 210
210 2
2 189
2 229
