500 482 479
279 42 488 56 446 141 299 364 100 222 369 398 15 286 54 251 31 53 454 239 153 432 164 163 148 155 389 342 424 175 135 272 237 465 187 486 40 5 65 137 337 402 184 376 345 400 311 192 435 82 196 233 134 226 238 190 321 72 327 478 22 472 118 231 94 180 296 25 191 467 13 375 101 51 211 156 361 45 318 162 393 317 59 449 254 128 116 204 320 280 245 171 417 198 60 427 215 146 452 140 131 433 356 252 179 35 111 248 368 463 275 271 436 365 225 119 438 474 92 23 63 172 437 383 232 305 291 62 79 55 91 476 105 288 265 490 27 406 334 173 464 336 21 491 212 203 367 385 229 19 12 122 323 466 151 98 234 451 412 30 73 33 357 95 44 93 258 359 473 479 154 242 102 230 453 38 421 255 492 132 329 126 434 419 205 326 344 347 266 26 39 497 124 498 194 444 174 325 392 441 109 374 41 113 378 413 81 264 366 343 144 397 47 213 168 352 485 189 103 18 487 351 480 207 384 49 428 250 223 411 282 499 176 355 224 405 324 117 259 221 380 456 439 48 331 77 52 410 423 409 253 84 298 390 170 167 354 200 395 422 408 36 17 195 269 9 220 183 416 169 462 308 185 330 257 442 267 152 157 332 16 186 263 177 7 313 104 133 78 274 425 445 10 197 290 37 307 377 407 309 208 14 349 43 206 404 260 401 315 483 202 1 120 338 399 106 24 240 20 381 391 80 387 484 339 314 270 136 139 145 493 362 3 138 143 166 273 88 11 46 278 108 76 500 430 149 363 293 440 150 68 302 396 199 112 322 125 301 107 129 289 217 283 246 303 382 6 96 312 294 165 8 67 388 182 373 115 210 188 4 477 216 346 494 469 193 89 386 262 256 353 295 28 418 328 276 431 415 495 83 219 228 99 160 372 426 457 61 235 481 142 214 178 277 147 281 34 121 460 29 468 244 127 114 85 66 297 459 420 75 335 90 450 201 341 458 209 471 130 358 159 482 97 443 243 350 268 32 110 448 292 316 69 247 249 429 304 475 64 394 461 181 158 287 71 284 455 50 261 403 489 57 300 227 87 306 285 161 241
285 27
450 27
396 450
68 450
374 68
29 450
298 27
273 29
4 285
175 285
254 285
231 254
486 27
11 450
362 396
293 254
56 298
227 29
211 362
342 396
317 68
380 273
55 254
217 55
119 55
223 450
266 227
279 27
220 55
489 55
283 56
465 223
444 497
444 147
444 274
444 165
497 16
16 365
16 32
16 339
16 454
16 389
147 63
147 137
147 160
147 121
365 391
365 495
274 364
274 457
274 82
63 415
63 422
32 144
415 340
415 481
165 248
457 166
391 90
391 386
248 102
248 177
144 392
144 176
166 96
454 114
96 370
96 436
370 113
102 448
90 346
177 179
113 13
113 428
137 493
346 77
13 460
436 499
499 232
176 337
160 17
482 164
164 331
164 449
164 205
331 485
331 281
331 54
331 74
331 106
485 328
485 84
281 208
281 103
449 73
449 420
449 253
73 395
73 181
73 10
73 66
208 461
208 193
208 323
208 332
208 150
54 235
54 195
193 275
193 111
106 226
106 219
323 251
66 453
226 245
226 125
245 196
103 126
453 330
128 34
128 182
128 466
128 366
34 418
34 252
418 123
418 133
418 118
182 149
182 341
182 110
341 81
341 440
341 319
341 168
252 427
252 109
252 24
252 308
252 387
427 401
59 152
59 167
59 472
59 292
59 221
152 192
167 244
167 112
244 52
244 76
192 37
192 423
192 306
192 351
192 124
192 92
52 255
52 162
255 183
423 324
472 239
69 134
33 69
476 33
376 69
284 476
120 376
39 284
447 476
46 120
71 476
474 71
201 33
45 474
369 474
271 447
117 134
48 46
23 376
280 134
237 120
143 237
352 45
41 476
385 71
60 23
431 48
405 352
210 376
469 71
357 71
344 120
194 117
406 476
146 143
38 431
490 46
288 117
218 446
15 218
263 15
62 446
242 446
398 242
75 15
122 263
97 218
301 263
108 242
261 108
31 261
312 413
312 320
312 131
312 475
413 145
413 42
413 72
413 173
413 202
145 28
145 20
42 138
28 417
28 224
28 383
320 304
320 375
320 382
320 500
131 141
417 64
417 421
417 282
417 353
417 430
417 295
417 190
304 225
64 402
282 496
282 355
141 287
430 407
430 378
295 419
407 18
407 188
18 479
378 155
383 327
383 303
383 345
138 25
500 189
188 1
188 171
303 262
345 104
189 154
349 477
349 286
349 213
349 9
477 186
477 215
477 388
186 151
186 367
286 136
215 197
215 139
215 318
9 14
136 212
388 187
236 12
404 12
314 12
241 236
158 40
21 40
478 158
36 478
132 40
79 132
214 79
8 79
356 36
228 40
311 8
473 356
85 8
51 40
372 79
291 478
329 291
156 21
100 473
335 478
343 372
272 311
414 40
101 291
53 372
57 473
458 161
498 161
268 161
488 268
88 488
483 88
368 483
325 488
429 268
49 488
456 368
246 368
468 456
426 483
70 458
464 325
19 325
7 368
305 426
409 325
153 468
67 70
381 498
200 498
259 153
470 488
443 464
309 381
116 443
433 381
270 7
98 429
358 470
207 246
290 207
265 358
300 116
494 270
135 305
437 200
178 200
425 429
412 200
384 458
377 498
256 305
91 7
94 99
94 129
94 278
94 249
94 148
94 363
99 86
99 65
129 172
129 61
129 198
129 400
129 191
172 403
172 26
172 294
172 58
278 30
148 315
86 463
86 289
61 230
403 50
198 459
400 234
315 5
459 170
5 105
463 78
463 95
170 492
170 348
26 338
127 321
321 83
321 203
321 47
203 467
390 44
487 390
393 44
260 44
157 390
142 44
163 393
89 142
416 393
442 89
240 487
302 260
313 260
361 313
438 361
258 313
484 157
336 157
316 142
216 240
379 44
326 89
408 316
334 487
184 393
480 442
204 157
140 408
471 163
130 438
451 204
238 316
209 142
269 302
247 204
115 142
180 471
441 379
455 3
411 455
277 3
394 3
233 277
359 233
373 455
410 373
93 411
107 411
2 455
297 3
322 411
159 2
399 373
371 411
185 455
445 373
354 359
199 93
333 410
174 373
491 3
435 107
462 93
360 410
439 411
432 159
299 159
310 455
169 462
257 445
243 439
80 233
434 411
307 434
350 174
397 435
264 257
347 3
424 93
250 455
267 257
222 2
43 347
296 434
6 22
6 276
6 206
22 87
87 229
87 35
