417 1367 386
388 409 55 326 15 77 170 309 225 102 223 44 85 348 63 157 45 35 330 194 131 147 188 380 70 92 150 132 17 307 382 226 291 88 249 166 401 24 192 121 321 106 277 238 73 31 271 233 98 159 242 182 413 185 37 47 293 61 8 370 122 228 367 1 324 369 58 333 359 126 80 392 287 201 68 100 136 5 255 267 297 350 362 256 346 231 387 244 32 358 23 322 349 180 239 48 318 368 407 352 295 165 221 164 18 327 302 152 46 145 134 253 16 364 300 82 51 69 292 158 27 261 230 162 282 123 107 304 298 59 141 178 384 411 342 301 258 14 270 161 405 276 344 116 93 417 248 260 198 190 154 394 177 187 402 381 357 314 60 279 62 129 36 167 412 95 296 219 274 53 75 331 386 237 184 172 183 329 208 272 179 143 232 334 414 176 406 87 285 211 84 328 186 376 312 57 142 101 203 124 229 130 212 268 278 112 311 29 90 361 160 400 202 245 196 373 341 110 41 345 236 118 246 30 9 209 114 288 315 111 119 374 355 139 181 174 263 2 135 189 117 151 83 173 241 396 354 262 375 149 26 81 269 273 137 415 217 10 340 204 224 146 105 197 50 391 353 72 280 338 127 34 38 91 120 281 171 156 395 337 389 207 286 351 397 108 193 4 308 378 94 335 320 191 251 404 377 206 67 97 195 265 313 215 205 78 365 222 210 240 410 289 22 390 264 113 33 393 356 294 199 366 66 109 339 76 247 235 398 218 275 28 317 303 319 25 74 332 148 416 216 385 12 104 200 153 64 168 54 363 6 155 79 257 266 347 49 284 96 128 21 125 65 169 403 234 3 243 20 252 227 214 56 305 52 310 383 11 213 316 13 250 7 336 372 40
230 150
305 373
292 138
361 32
381 240
81 197
349 156
74 300
108 38
417 222
62 192
392 384
398 184
38 185
295 395
400 146
413 64
339 107
216 358
26 94
376 357
375 267
145 397
152 377
295 337
135 410
54 132
378 183
310 197
55 393
321 331
82 234
281 189
39 272
196 180
388 364
377 222
84 228
349 78
345 130
393 160
37 51
253 266
331 286
307 30
111 314
92 375
118 215
161 317
31 242
9 197
54 221
39 286
193 64
111 20
109 268
275 287
36 71
282 394
255 64
140 29
374 401
335 391
117 344
34 318
31 265
201 103
91 398
183 98
241 353
317 397
106 389
216 262
34 388
118 256
126 350
360 321
67 416
360 262
254 314
380 33
158 371
99 219
273 186
271 158
174 362
226 372
223 86
230 380
94 11
133 360
198 370
206 175
343 371
309 132
366 19
120 161
17 393
55 401
1 141
3 290
152 146
155 187
109 68
357 35
265 390
276 99
253 225
374 285
350 319
93 298
69 295
28 223
33 133
218 253
195 297
317 61
360 83
46 285
92 102
16 334
150 227
296 260
367 127
88 193
206 346
42 26
75 330
290 324
100 416
159 375
386 300
404 82
186 341
416 45
9 296
11 224
230 393
161 143
166 97
6 386
88 145
97 211
241 27
288 206
317 288
180 253
337 321
107 372
122 84
149 216
202 188
379 273
360 222
343 408
408 219
242 191
338 213
405 154
278 85
119 405
416 268
206 210
346 280
268 193
165 187
366 255
277 69
122 240
377 45
283 37
407 121
126 168
393 341
107 190
294 39
139 369
153 45
46 251
207 380
6 122
145 398
56 100
247 14
341 149
372 175
177 255
213 222
60 382
39 351
99 373
186 312
205 288
392 51
398 84
166 69
80 209
200 230
355 277
133 31
87 20
25 329
227 250
336 381
266 183
287 284
97 182
126 384
353 362
208 39
189 177
371 11
32 136
131 260
127 216
15 332
285 352
118 95
29 210
228 370
400 221
328 6
289 153
9 151
343 185
336 377
148 283
267 141
49 249
254 51
342 330
139 29
136 249
60 204
115 209
173 3
15 238
303 3
285 372
21 246
9 39
216 265
350 166
371 324
398 123
346 168
261 4
152 404
84 239
353 237
83 324
56 104
344 148
353 125
301 54
255 392
131 269
7 258
266 257
319 374
14 218
11 136
268 46
99 66
12 315
310 123
384 394
112 148
261 55
272 254
127 412
53 191
118 34
354 31
268 262
15 60
104 410
283 12
181 9
243 135
65 179
259 95
218 178
140 243
24 133
111 328
190 243
9 221
13 237
394 309
46 204
237 48
275 264
381 108
329 142
44 210
223 85
189 235
311 178
185 158
320 123
4 403
386 122
275 170
28 362
243 380
289 379
57 227
210 8
361 275
390 151
250 329
330 174
295 269
375 104
282 259
43 240
352 97
269 147
342 156
306 251
159 169
318 71
337 146
99 258
67 254
131 173
172 417
182 261
55 120
68 317
163 306
409 417
308 116
335 255
208 145
138 369
228 169
212 68
152 102
260 191
382 68
302 387
351 222
1 95
337 30
286 19
353 333
85 362
81 203
404 113
313 269
405 83
113 8
340 372
54 133
339 364
308 314
386 39
5 212
205 95
251 235
378 283
230 203
143 282
258 8
222 382
372 163
76 109
354 417
259 242
251 70
395 173
352 8
179 269
398 249
334 411
101 22
90 233
385 223
37 13
224 307
153 409
267 61
276 385
179 165
12 268
218 327
406 286
387 150
194 209
367 312
326 176
412 280
143 215
361 217
85 6
191 211
403 66
161 328
210 325
168 269
187 374
410 166
132 349
87 263
239 290
413 144
46 291
337 132
232 145
408 135
320 141
109 293
118 176
368 271
224 43
105 270
413 52
2 298
390 361
408 21
106 289
173 234
314 183
196 384
196 160
381 196
271 96
330 262
51 378
37 318
277 375
86 106
384 105
286 89
351 153
43 250
191 45
391 162
385 88
140 22
12 57
227 48
155 356
106 274
398 272
348 177
183 196
170 117
355 25
369 136
44 241
372 75
384 243
43 40
160 209
401 13
135 182
335 50
397 269
410 162
307 394
80 191
216 299
58 89
235 220
387 157
329 252
6 383
87 145
372 70
127 354
405 156
166 33
280 111
12 179
245 235
110 392
342 288
214 206
141 129
98 299
170 152
31 72
89 129
327 214
25 377
303 21
95 119
324 398
109 9
274 180
335 195
26 377
267 116
149 54
355 273
202 157
72 226
176 392
373 415
40 335
246 274
288 254
285 129
173 219
243 333
401 16
166 220
74 375
328 398
315 242
209 110
137 292
100 36
287 199
249 268
331 21
24 409
255 59
92 327
189 313
50 384
398 356
381 153
138 247
344 265
287 361
383 73
417 128
248 384
303 360
263 295
58 172
103 85
414 275
322 353
306 297
274 116
212 378
123 154
112 171
124 239
227 110
327 284
329 286
302 370
254 239
108 158
134 230
402 219
20 404
208 377
120 185
364 123
91 75
157 109
83 157
116 269
84 22
155 71
332 67
242 81
290 102
39 202
126 396
156 312
314 402
87 230
144 204
112 335
77 297
356 6
297 368
120 336
269 333
297 349
274 379
300 182
136 350
280 76
130 124
351 312
59 383
268 126
248 320
249 72
1 231
67 45
215 326
365 267
254 14
89 42
65 376
30 65
166 208
372 287
322 261
281 323
137 338
357 131
286 49
156 356
26 84
33 216
112 26
318 333
381 99
389 323
284 205
177 56
7 383
64 31
260 153
285 42
68 404
368 208
135 344
209 145
280 31
169 7
19 384
182 40
139 221
258 353
190 386
41 64
98 140
207 185
137 218
142 170
177 165
237 57
18 147
390 203
322 142
69 248
363 150
23 41
241 336
28 14
252 295
82 349
230 328
342 223
367 343
169 260
3 207
139 3
230 34
200 94
114 139
257 231
124 342
184 190
228 373
181 227
146 131
307 238
201 222
2 34
73 284
351 310
71 21
294 153
226 15
292 320
106 343
145 414
168 135
13 1
406 380
383 152
62 36
316 374
375 95
92 393
55 381
373 265
106 112
306 130
158 188
272 33
343 34
14 289
82 34
131 147
352 361
402 153
125 19
92 219
413 26
360 397
25 59
176 153
107 394
376 34
217 166
30 249
403 123
355 327
416 140
348 390
207 322
181 193
340 123
159 354
219 412
42 259
409 4
121 268
315 361
254 293
182 232
249 89
322 97
65 124
180 114
172 99
353 92
376 245
294 328
32 31
402 245
60 300
35 215
345 304
17 246
305 258
126 92
198 358
41 378
59 122
390 48
187 166
100 103
40 181
104 321
296 232
91 325
270 254
273 403
18 207
237 27
85 210
12 80
176 115
5 63
391 5
7 415
365 297
116 160
392 300
370 191
173 177
267 22
54 101
362 98
36 328
338 99
310 298
253 302
344 343
181 334
28 6
223 88
397 331
224 321
130 373
57 277
59 50
50 323
164 135
315 57
417 195
14 235
193 312
381 336
399 90
137 391
93 248
265 281
84 139
49 60
391 108
200 205
145 11
268 51
332 358
10 98
253 12
54 393
239 283
389 150
149 243
75 9
76 178
301 296
134 52
344 333
101 300
356 156
81 52
15 368
293 351
396 92
122 258
208 264
166 257
119 116
159 310
118 379
134 50
255 342
261 246
205 123
393 260
323 267
308 231
1 272
111 347
108 179
324 327
392 243
341 335
327 255
379 114
197 21
383 285
2 414
182 289
260 53
260 87
44 350
404 415
125 46
142 6
283 44
332 310
353 279
134 205
36 264
309 111
229 302
251 341
394 305
275 94
21 248
96 106
38 309
184 22
36 118
302 315
156 363
288 72
347 165
261 399
24 358
55 203
397 198
195 40
278 221
154 362
153 367
211 315
301 30
120 183
61 130
410 353
172 354
387 253
197 392
180 3
161 178
197 289
12 264
101 387
216 16
395 115
49 30
303 203
91 137
344 22
278 261
407 60
244 299
253 407
15 223
61 132
369 310
239 262
332 245
178 77
106 126
75 377
219 386
167 233
290 13
342 374
52 132
194 283
391 137
130 108
82 327
375 360
114 350
146 122
354 203
387 333
317 320
312 290
41 7
81 50
192 14
176 368
356 239
279 17
192 260
138 15
200 210
386 338
251 232
363 99
194 110
365 226
81 408
398 273
77 102
409 335
58 338
182 234
405 38
50 249
116 126
32 236
214 151
220 347
270 160
239 207
282 184
284 16
314 139
156 152
398 143
323 361
403 91
243 121
218 147
287 110
307 57
320 307
250 254
244 86
271 217
193 346
136 11
291 120
314 54
277 358
268 414
212 366
229 141
146 279
365 382
80 194
168 214
405 62
158 375
87 80
186 354
281 415
140 188
402 392
90 5
161 73
271 417
333 153
183 286
216 45
410 242
330 414
316 145
278 289
316 265
279 131
114 167
355 137
210 343
233 384
416 178
347 169
193 413
173 324
92 116
116 146
304 393
44 250
72 142
84 338
271 239
226 408
219 83
404 154
209 243
98 360
208 298
30 324
197 155
68 283
249 29
250 138
253 51
367 407
404 375
212 344
188 352
221 17
384 299
41 128
91 311
284 302
164 360
411 413
331 336
226 121
266 311
51 5
379 407
327 293
71 22
153 64
286 100
74 255
27 138
144 336
294 287
60 335
285 57
183 341
238 184
307 281
85 351
34 143
329 122
319 384
86 189
14 344
121 30
242 153
372 197
366 197
60 135
98 251
334 375
329 355
206 236
370 342
408 42
313 11
380 95
363 104
352 126
201 77
46 26
34 236
17 260
314 188
48 364
350 334
398 388
42 236
18 291
83 193
223 396
212 104
142 374
308 82
104 152
142 195
388 306
97 260
84 121
355 190
142 147
276 165
59 207
162 105
144 73
311 105
214 148
313 124
184 389
294 132
142 63
122 318
338 85
228 26
111 180
283 159
272 304
268 50
386 142
50 406
48 88
62 283
409 50
139 318
106 17
201 402
272 285
71 153
416 349
284 46
268 90
144 66
381 100
398 285
252 333
63 199
312 332
143 386
243 191
226 281
22 134
19 376
383 13
313 239
343 168
67 206
208 263
2 75
379 35
14 149
317 256
328 408
179 359
330 100
337 148
130 37
97 60
306 127
161 184
138 84
129 25
132 182
116 29
156 162
12 374
195 385
198 20
271 212
212 402
3 90
259 257
340 170
211 406
29 158
380 289
76 30
241 32
352 233
14 358
306 246
348 382
4 337
140 49
237 171
264 313
240 179
94 195
394 181
233 212
141 90
113 347
125 369
354 9
53 205
81 66
400 34
273 235
401 325
87 386
79 86
70 268
182 341
137 380
289 363
373 155
87 300
243 28
256 208
29 115
297 108
42 256
133 393
93 405
391 152
40 94
241 46
8 45
136 328
102 205
256 181
268 407
400 405
252 376
228 92
171 281
12 237
209 389
130 345
351 338
383 263
316 408
299 348
185 103
39 144
295 228
62 249
10 283
141 331
185 229
55 107
248 372
312 17
268 205
114 143
38 370
24 310
302 373
315 247
261 191
415 156
273 177
216 65
316 24
29 332
295 384
84 376
156 45
386 108
404 244
133 361
298 345
43 349
45 191
390 342
158 116
183 134
270 363
290 372
12 338
393 56
184 47
231 110
170 49
8 158
258 402
314 111
40 144
252 251
65 386
172 191
20 98
2 154
170 66
144 292
417 122
365 312
49 71
217 366
40 283
134 100
4 223
385 388
65 224
395 342
53 188
415 183
137 189
91 179
233 123
230 41
407 253
357 137
98 7
50 189
293 380
260 385
125 163
322 291
334 221
71 178
79 391
354 369
84 136
369 123
360 97
9 224
32 53
247 315
243 97
22 247
302 93
54 194
9 382
379 91
250 302
405 255
187 290
319 42
262 278
392 305
31 189
13 67
82 369
400 44
67 58
58 321
231 22
78 171
43 111
121 342
135 364
398 302
40 235
213 376
124 38
91 315
327 306
80 139
49 283
166 99
127 21
121 51
102 385
251 339
379 8
26 200
69 271
273 219
319 357
51 347
264 47
171 63
163 135
409 310
27 360
410 265
18 354
74 264
397 249
297 153
371 316
308 16
206 268
201 236
362 31
48 292
32 244
123 384
12 153
338 305
391 347
65 412
60 169
