471 942 390
115 439 460 430 164 408 56 173 427 347 2 433 277 210 376 411 143 402 236 452 466 407 157 279 306 89 239 175 67 58 216 131 301 232 333 266 345 412 324 344 122 213 405 441 102 201 234 206 98 463 146 432 11 22 145 12 215 65 313 443 318 303 283 119 196 297 255 153 317 97 372 386 121 40 76 17 226 32 132 295 241 35 371 29 118 436 151 328 280 385 373 300 224 298 38 6 129 8 51 310 401 384 471 246 34 183 461 415 428 171 228 238 199 257 158 273 221 396 52 464 181 211 363 136 367 68 341 103 383 44 96 156 362 184 288 7 169 308 340 434 336 30 126 125 455 179 15 406 177 39 94 368 190 90 112 135 343 31 366 390 244 382 10 326 150 304 111 357 445 400 124 105 442 73 348 194 176 449 85 70 180 113 289 3 147 296 423 26 351 352 110 393 198 410 454 379 263 307 86 258 315 270 299 42 389 458 339 360 285 418 159 59 311 191 359 419 332 403 137 416 142 116 19 437 60 37 450 456 192 69 365 361 185 209 249 468 465 208 13 43 178 286 148 36 291 271 426 330 404 438 167 260 409 380 342 220 80 91 398 229 414 358 25 144 349 262 83 272 331 205 50 305 354 101 120 55 117 375 154 87 79 170 237 231 316 451 114 227 290 214 172 392 62 377 222 182 223 320 240 346 21 462 424 243 370 53 84 57 448 106 163 82 24 397 261 321 457 353 193 225 109 54 152 33 93 421 446 165 61 127 18 350 78 189 369 378 274 162 46 256 88 219 49 302 28 338 356 252 391 248 235 45 309 149 253 444 107 394 99 66 20 329 81 72 435 323 202 161 269 14 259 422 250 63 374 195 186 281 287 204 217 27 133 254 123 71 429 319 187 245
406 61
406 15
230 70
230 33
146 147
146 280
341 460
341 116
341 297
213 170
213 369
213 92
38 228
38 28
419 316
419 339
419 206
419 366
143 191
18 377
18 43
69 123
69 364
69 126
292 413
292 397
289 44
289 241
243 141
243 254
243 295
243 129
140 111
203 331
203 20
147 311
147 34
147 376
328 288
70 338
70 200
385 4
385 310
385 359
385 181
356 207
356 372
356 281
356 265
356 394
200 284
200 218
1 8
210 398
210 338
40 186
319 387
319 108
319 99
319 47
291 42
117 119
2 299
250 402
157 378
157 415
157 63
157 120
223 347
333 218
333 441
416 28
416 301
438 384
438 59
313 443
313 238
313 94
313 194
313 22
242 258
242 367
242 331
242 156
345 98
217 392
133 179
133 269
133 299
133 79
441 367
441 205
441 4
305 125
305 265
305 311
305 389
204 303
46 169
46 51
46 444
89 219
89 284
89 449
39 8
39 189
39 236
174 413
174 302
209 124
391 4
381 125
386 91
206 168
206 169
206 350
206 163
359 429
127 260
324 303
324 192
298 387
282 399
282 63
282 274
297 177
199 431
199 75
199 357
21 320
21 387
357 331
228 118
228 256
239 68
448 124
448 8
197 72
23 51
23 134
290 368
407 261
335 139
323 429
323 460
80 158
80 216
56 439
56 454
56 150
285 373
285 114
285 86
285 460
442 144
418 20
418 103
418 9
418 152
418 108
351 108
351 287
362 398
362 85
262 394
149 449
149 245
246 73
246 142
246 134
308 126
59 74
59 373
59 378
59 179
150 317
150 336
150 402
150 93
175 251
175 443
348 365
92 373
92 384
92 347
410 191
410 85
410 134
465 310
465 65
465 273
465 434
465 36
214 119
214 409
397 390
58 363
58 399
58 47
151 34
82 123
82 130
82 426
28 52
28 115
28 27
439 236
439 287
103 196
103 152
103 74
103 184
327 340
327 252
327 198
436 84
366 115
366 458
366 61
471 294
471 99
95 219
49 354
49 144
364 334
364 112
364 255
364 245
61 469
6 344
316 192
449 443
195 115
195 384
195 337
395 276
395 25
60 425
60 384
384 170
384 394
384 14
384 97
455 48
455 400
455 125
265 338
265 460
265 321
400 387
400 280
108 464
108 452
108 148
426 425
426 53
426 296
426 404
83 184
222 126
462 226
111 227
111 432
451 47
299 303
299 52
325 67
325 337
325 233
325 450
317 387
317 375
170 424
165 220
403 337
162 78
162 469
162 456
162 399
331 281
331 225
73 231
73 34
44 320
71 415
71 31
257 52
257 429
257 260
377 96
32 110
32 196
32 263
159 231
159 227
459 294
318 467
318 186
318 370
318 464
318 93
318 263
224 26
224 141
224 322
123 417
123 81
123 360
123 54
123 456
123 158
332 20
396 110
396 255
396 47
304 437
304 314
304 54
304 236
304 129
304 241
198 378
130 399
130 376
130 9
130 432
452 272
452 447
372 136
241 233
241 141
241 160
434 321
434 374
337 387
337 172
337 180
279 202
263 29
263 107
263 27
263 266
295 460
295 13
295 158
295 469
121 34
402 393
425 380
425 106
259 283
259 255
96 42
371 10
424 420
424 373
424 394
97 99
97 75
97 342
141 427
141 135
141 120
141 379
141 312
141 192
141 33
7 445
202 57
202 300
444 178
466 211
466 440
126 275
307 260
307 470
307 447
307 81
321 167
321 62
321 300
430 79
128 253
128 81
281 185
281 401
99 339
99 409
37 405
432 64
432 446
432 27
251 33
251 309
158 167
158 363
158 201
158 135
235 415
25 152
25 445
105 431
105 215
105 247
105 446
72 240
72 125
72 129
373 225
338 435
338 24
347 191
347 382
343 240
329 437
329 65
329 184
435 138
435 342
288 470
288 55
288 467
288 172
344 322
344 405
100 294
100 247
271 50
271 433
245 109
245 322
245 427
245 187
77 256
107 106
47 142
306 278
306 29
306 129
306 118
306 346
427 393
427 11
408 81
408 139
408 93
408 232
286 191
286 208
145 22
145 190
352 120
457 172
238 354
238 278
275 450
219 456
219 91
461 458
412 122
412 102
412 15
412 420
94 340
196 278
53 283
53 342
294 84
294 93
294 394
294 119
244 136
423 361
253 208
229 420
229 75
229 102
468 234
468 12
468 336
42 104
93 34
428 139
428 218
428 27
428 51
52 35
456 68
456 172
456 11
66 8
66 201
66 256
66 74
260 283
260 152
447 420
447 110
405 349
405 17
185 160
185 207
185 467
185 315
368 272
16 320
16 248
16 401
16 45
16 346
16 350
446 296
240 76
240 248
240 440
240 429
160 166
160 354
255 401
255 361
248 421
248 272
63 122
339 54
450 191
201 19
201 33
201 215
201 164
201 68
201 264
201 470
201 26
415 176
370 355
422 312
422 234
422 272
390 231
355 148
355 33
387 404
387 62
387 11
62 269
62 431
62 237
62 268
62 36
62 394
190 367
190 29
453 393
453 303
453 26
453 29
453 431
232 268
232 470
98 129
393 152
393 192
166 360
131 414
131 177
29 429
29 167
29 388
277 181
261 169
261 266
261 79
51 367
91 367
91 440
349 122
184 315
184 118
314 55
314 13
392 176
392 67
116 31
79 367
79 374
79 346
79 413
79 26
120 220
120 125
120 17
443 350
440 212
440 394
440 8
221 152
221 237
135 272
135 358
270 12
33 64
33 76
33 309
309 137
102 346
57 87
57 4
57 26
57 35
57 139
367 5
367 10
13 470
13 401
431 350
445 109
445 11
445 274
445 460
445 50
220 132
220 342
216 26
216 460
342 54
342 388
342 4
342 148
340 226
340 112
340 237
186 26
186 134
186 9
74 374
394 168
394 4
3 401
3 467
278 129
302 34
302 171
302 470
302 231
409 460
409 375
409 68
409 374
104 350
470 460
361 237
361 144
276 144
276 24
11 87
11 139
11 177
11 106
54 350
54 346
54 19
301 353
301 34
301 177
36 268
17 226
237 268
81 266
81 9
258 171
148 180
26 266
26 169
26 300
26 84
26 283
399 164
374 236
374 389
374 45
467 87
467 125
360 65
360 87
360 43
360 358
360 8
360 164
264 110
264 414
142 207
142 429
330 139
320 112
136 236
136 191
85 15
85 22
85 268
87 4
87 303
404 254
176 231
176 177
75 382
132 64
132 420
132 312
227 388
227 65
227 296
227 188
227 336
227 284
68 389
68 231
68 189
68 122
68 109
68 181
421 4
76 215
76 334
76 458
411 9
411 382
411 129
401 208
401 50
417 172
417 106
43 173
43 161
43 167
389 312
119 10
119 154
119 19
110 350
247 50
247 125
247 266
383 322
383 134
365 382
365 168
137 283
137 134
169 48
169 354
169 310
272 380
272 129
272 152
272 379
208 181
208 334
208 177
55 188
191 19
191 5
191 369
84 164
84 8
84 234
212 31
212 336
139 322
139 231
139 181
139 312
112 167
134 283
134 218
134 322
134 284
180 5
180 234
315 437
315 300
315 231
315 284
315 19
315 64
10 168
152 369
152 254
382 171
437 379
177 67
177 65
177 114
181 106
181 192
336 50
336 5
336 358
354 350
354 19
171 8
171 218
171 231
171 50
171 22
171 303
171 101
358 90
358 129
358 19
358 188
4 173
4 12
353 164
353 188
353 9
161 125
161 300
138 187
138 283
138 274
138 379
266 12
266 205
86 296
86 35
86 376
86 154
34 234
34 9
34 376
312 129
188 35
188 114
188 284
188 15
188 350
284 90
284 413
24 67
420 236
168 458
414 369
414 5
414 172
414 164
414 254
129 167
129 192
129 379
300 375
167 35
207 429
376 226
376 106
376 125
269 187
269 458
187 205
187 101
187 413
5 322
205 429
205 322
205 334
67 50
67 350
322 429
322 458
50 31
50 8
122 22
122 164
369 48
369 22
369 90
172 218
268 254
101 154
101 31
101 164
379 48
379 125
334 283
334 375
334 35
334 164
334 19
218 413
218 48
173 458
173 274
173 413
106 164
106 283
106 274
106 19
283 226
231 118
388 125
388 375
236 90
236 65
274 154
274 429
375 189
375 31
375 164
234 192
234 35
35 154
458 48
118 114
118 125
114 22
125 429
125 22
125 192
125 90
154 226
154 429
154 48
8 192
8 31
8 48
65 48
65 164
65 192
429 296
429 189
22 164
413 48
226 164
226 90
15 164
164 31
164 192
164 90
164 48
189 90
189 192
90 31
192 31
