473 351 285
181 357 30 457 139 228 336 70 339 101 80 371 24 154 236 456 183 120 43 472 331 199 306 288 348 202 407 60 221 278 375 256 318 213 38 41 11 255 282 295 355 319 137 258 312 435 317 382 351 452 370 440 412 227 110 219 314 316 77 287 122 467 198 442 165 44 9 26 29 114 239 207 387 162 144 184 427 409 329 363 103 459 384 87 135 262 52 196 55 23 61 128 458 473 65 175 98 431 356 259 171 189 464 296 290 434 301 49 39 428 166 373 377 414 85 447 112 441 326 71 270 129 100 3 148 289 252 347 463 231 304 340 419 300 350 89 291 346 109 297 51 466 35 83 394 253 18 28 149 224 229 352 338 226 462 425 283 194 94 413 14 195 389 411 72 392 266 417 275 237 2 285 257 311 145 367 188 264 15 172 330 223 57 399 353 84 460 204 396 366 140 67 96 381 82 272 400 238 362 116 92 48 115 230 235 359 364 328 86 222 395 104 205 173 408 206 345 105 450 437 461 5 334 244 117 324 247 186 68 269 147 281 429 469 36 25 134 12 212 151 214 157 254 69 164 276 208 42 251 420 132 439 369 19 169 33 279 99 75 113 309 271 449 193 416 180 4 248 451 197 225 280 424 90 40 119 453 232 107 415 160 10 97 341 153
262 4
43 140
118 69
142 415
171 110
130 204
75 373
71 321
453 101
298 224
204 155
102 312
258 290
431 250
367 467
27 184
447 239
286 355
148 338
154 240
23 456
113 286
105 457
345 368
237 268
235 414
300 3
53 72
343 154
187 209
332 188
245 85
402 454
430 328
436 325
61 75
292 457
249 244
382 374
182 58
200 437
434 312
52 457
455 175
65 169
281 12
197 164
32 14
437 133
157 376
153 86
274 25
78 219
177 297
161 216
41 27
452 127
431 433
328 434
382 72
302 195
111 312
357 226
92 432
233 30
156 423
123 321
250 331
426 281
58 25
374 305
271 278
436 181
171 27
432 1
233 455
240 41
64 203
299 156
29 289
422 333
21 66
292 46
151 391
342 4
433 423
130 30
95 152
347 222
445 191
360 135
191 404
110 130
48 365
194 351
279 196
352 247
211 458
399 190
79 311
375 170
341 290
227 319
214 145
186 94
204 467
144 153
228 451
19 216
185 413
38 186
133 101
282 15
359 149
119 109
40 144
418 244
369 327
227 84
87 470
22 124
162 263
141 10
431 271
250 294
184 176
303 138
156 249
246 292
469 233
367 379
177 101
388 158
118 274
104 413
35 158
52 289
390 79
420 328
203 220
390 397
16 382
74 142
288 130
75 254
443 284
303 419
253 156
448 430
430 389
357 284
152 165
297 109
303 74
232 402
392 70
239 170
460 204
454 115
374 97
222 381
122 460
17 298
404 419
345 246
408 47
293 155
132 324
252 228
181 251
144 26
416 49
208 41
167 257
466 462
319 200
413 358
464 390
47 408
445 300
247 383
238 341
214 363
167 91
464 371
100 209
188 150
415 33
304 454
74 359
24 27
60 401
44 231
444 241
67 314
22 152
218 447
216 31
187 346
307 181
369 362
246 112
52 36
24 62
255 277
281 384
107 399
317 12
107 444
162 97
374 122
452 21
464 102
315 22
399 237
63 127
315 148
171 344
166 158
121 36
51 255
355 93
471 49
376 354
390 108
211 184
321 65
99 256
145 240
219 395
273 267
66 85
322 211
386 149
305 394
167 303
285 214
426 63
415 385
300 464
406 153
5 315
250 455
331 266
190 101
33 238
344 39
416 356
179 331
389 88
235 294
19 120
316 365
433 142
318 235
325 238
419 244
411 102
194 94
368 408
177 428
198 209
188 354
80 436
441 272
424 343
121 378
20 185
363 96
422 203
12 89
413 429
194 147
102 127
21 342
50 342
62 250
383 350
109 84
426 86
442 205
420 21
425 96
223 280
192 330
204 391
354 380
342 276
196 262
5 119
192 279
180 159
85 160
106 390
404 388
23 231
84 246
449 89
274 396
200 451
101 462
39 54
151 176
196 315
473 187
408 101
335 22
37 426
25 56
16 93
214 184
358 40
294 394
336 453
277 167
411 358
444 74
110 77
13 347
168 316
334 346
171 323
282 144
295 40
379 53
406 302
70 452
80 469
144 290
288 122
443 313
153 136
10 96
404 423
101 64
312 159
453 312
344 314
464 51
163 232
460 464
366 321
1 34
106 157
104 163
457 325
29 63
185 79
3 276
28 315
376 103
