498 1245 423
496 302 305 449 257 144 141 478 441 202 273 50 211 178 99 196 175 101 94 459 405 336 427 381 497 404 433 197 22 458 325 134 172 440 1 317 209 221 163 181 320 70 200 194 62 27 355 461 96 113 87 159 162 218 188 139 237 397 370 330 407 368 438 350 383 361 474 338 327 205 371 490 54 337 230 358 129 210 41 4 174 445 158 170 475 180 71 315 318 156 143 367 271 10 73 148 436 380 235 3 491 487 328 480 297 262 265 2 26 319 24 420 90 201 363 128 142 306 247 39 414 107 77 448 412 225 288 28 357 169 157 189 446 106 109 354 351 301 171 13 332 291 483 154 81 103 376 186 138 377 42 199 426 45 375 195 287 283 313 215 214 276 216 151 223 92 123 78 392 19 118 275 135 79 137 155 190 470 192 353 256 264 246 299 322 362 30 64 173 443 415 314 467 7 241 411 442 258 89 91 12 439 228 403 431 248 495 229 494 289 150 424 146 32 395 304 430 100 18 484 55 410 85 161 204 212 17 164 132 454 40 340 398 466 294 220 464 167 463 303 451 270 485 339 184 472 413 112 222 437 416 52 233 331 57 259 386 9 460 341 300 251 277 46 14 60 80 293 84 261 493 468 389 104 296 409 48 408 486 160 47 198 444 108 8 226 379 76 469 23 115 400 126 402 365 213 208 145 286 335 479 5 34 191 311 133 343 307 25 425 388 267 326 193 323 282 72 316 255 125 263 447 422 15 366 455 360 131 51 36 207 382 249 105 29 58 93 359 284 49 168 352 20 396 252 419 476 74 124 374 56 75 450 238 37 82 298 88 471 206 65 217 203 488 342 120 329 373 95 43 38 333 401 185 219 253 384 285 177 117 239 11 281 31 179 417 349 481 234 86 122 268 334 44 364 498 149 423 110 119 346 243 321 116 280 16 369 385 111 83 432 344 421 224 269 347 140 489 152 378 390 21 393
462 53
229 324
229 422
229 299
229 301
229 56
229 282
181 183
255 109
58 116
58 443
58 161
384 135
217 327
217 90
497 307
497 10
316 194
316 219
97 413
428 245
349 70
10 19
10 423
105 346
426 463
426 421
71 257
71 36
272 78
272 169
272 312
477 485
477 253
277 46
277 326
277 464
77 491
77 167
77 373
281 31
281 149
307 395
307 497
164 106
164 89
48 166
48 473
474 53
447 309
94 476
403 420
176 275
176 132
44 5
44 118
44 247
381 367
381 305
381 42
479 419
479 290
452 151
147 456
147 166
147 453
139 159
139 372
139 80
139 56
152 275
237 360
214 401
186 292
186 236
186 303
275 81
294 376
294 79
294 295
216 390
216 150
80 85
256 363
256 81
389 148
180 427
180 20
235 476
235 74
235 445
145 340
145 57
145 136
145 348
431 169
29 276
29 304
29 323
29 230
29 106
90 123
90 168
90 118
90 217
437 482
437 78
437 392
263 37
205 67
205 240
205 408
205 370
348 457
419 479
266 109
354 259
355 380
355 257
89 213
89 197
89 448
89 310
89 164
196 352
196 66
338 70
54 126
54 286
54 249
54 248
54 295
54 131
173 395
173 398
173 120
233 35
233 457
357 221
357 140
208 199
70 371
100 141
183 350
254 234
325 345
325 98
325 24
117 19
117 178
133 258
481 143
481 448
339 86
339 200
339 153
339 159
339 453
210 480
210 292
210 28
26 467
50 470
50 472
50 494
50 453
50 377
390 136
390 433
433 456
433 327
433 216
12 425
12 445
12 144
12 435
12 455
177 369
302 4
246 451
246 238
246 86
246 57
246 188
24 244
24 439
24 40
24 178
24 17
24 325
329 119
262 394
244 102
244 455
244 62
244 191
124 321
427 199
427 449
427 296
427 344
232 463
232 265
340 318
340 56
340 145
165 446
165 91
82 167
82 230
82 454
84 405
84 120
161 482
161 257
161 9
161 322
161 58
327 433
327 217
374 53
374 252
109 93
109 198
109 260
109 255
67 488
67 73
67 415
67 406
67 205
346 226
346 466
320 337
320 227
292 158
292 27
292 32
292 264
332 461
332 68
332 40
55 258
55 115
55 321
363 143
363 459
363 129
363 445
363 385
363 256
204 57
3 380
3 68
3 166
347 260
347 416
461 376
461 332
424 27
424 194
405 167
405 280
405 11
405 84
115 151
115 113
115 55
9 249
464 27
464 79
464 17
464 126
414 361
414 364
66 467
458 471
458 16
458 178
330 326
175 300
175 454
175 185
175 377
52 225
52 496
52 141
274 324
274 16
132 6
132 380
132 14
132 176
30 446
30 169
359 101
359 170
359 137
57 159
57 16
57 179
57 219
315 135
315 171
315 411
475 172
475 182
475 154
23 96
293 457
293 16
293 65
293 402
344 25
344 123
344 427
415 476
102 33
102 378
102 295
102 485
102 244
102 325
178 482
178 325
394 365
394 262
385 361
385 388
385 471
78 172
78 99
78 272
321 298
321 124
126 54
126 464
258 43
317 156
304 247
304 81
304 29
17 466
17 495
17 411
17 24
392 260
392 223
435 21
435 219
435 39
435 169
435 439
435 190
435 402
435 12
136 386
136 249
136 267
136 390
223 324
343 13
249 373
249 280
249 136
249 145
323 364
323 206
323 238
323 37
361 46
361 345
361 363
411 79
411 367
386 103
386 372
40 63
40 319
40 24
285 33
468 156
444 188
444 171
485 112
485 379
485 243
485 75
226 206
226 123
226 105
425 388
326 408
326 330
42 369
42 192
42 381
286 296
286 441
404 238
404 282
171 4
171 250
169 314
169 353
169 488
169 46
169 158
365 449
168 450
434 406
434 443
295 486
295 470
295 74
295 39
295 325
295 24
2 221
2 212
2 113
239 81
443 167
443 492
443 179
443 434
379 430
379 331
379 456
379 477
418 207
322 373
322 251
322 74
172 318
172 149
172 78
172 272
341 441
187 130
488 282
488 288
488 1
131 41
334 283
334 163
334 333
334 202
314 486
314 6
314 30
221 412
221 492
221 72
221 396
311 188
311 252
311 211
311 215
311 231
423 442
423 203
423 368
209 103
209 238
209 87
209 201
496 106
496 441
496 52
352 376
352 441
352 200
81 469
81 119
81 106
387 231
387 310
459 366
459 56
459 222
459 269
459 363
202 412
202 297
32 292
129 256
455 91
455 185
455 12
396 15
396 380
396 230
396 2
445 253
445 11
445 363
247 284
247 73
247 478
247 473
199 146
199 331
199 222
199 208
199 180
300 421
300 175
377 378
377 96
377 125
185 457
185 471
185 455
312 64
245 156
245 138
245 428
383 301
383 158
383 345
36 71
469 59
469 399
469 130
469 64
469 81
469 176
470 121
470 295
470 294
470 325
401 47
401 158
369 492
369 460
250 112
250 113
250 171
250 444
296 360
296 253
296 20
296 280
296 283
190 193
190 430
353 402
353 319
353 169
353 30
201 101
201 209
16 372
16 324
16 56
16 145
490 130
490 356
490 407
465 350
465 19
476 157
476 407
476 398
476 67
432 318
432 154
284 29
305 388
305 228
222 301
222 224
222 256
138 251
138 135
138 400
138 96
138 245
309 75
380 92
380 86
380 73
380 140
380 355
270 86
409 493
4 483
4 444
4 315
358 378
358 407
358 103
358 486
358 397
261 371
261 440
63 194
63 413
63 200
63 111
63 230
63 325
227 74
227 320
408 451
408 73
408 473
408 218
15 297
15 451
15 288
412 257
412 101
412 191
412 158
412 334
416 397
416 347
375 236
375 121
375 51
375 489
375 167
41 446
41 310
41 457
494 65
494 456
494 276
494 50
225 28
324 457
324 57
324 246
6 271
6 364
6 144
6 151
6 188
289 99
289 212
289 120
289 308
289 167
446 197
446 131
446 30
121 364
121 53
121 24
287 27
287 211
287 150
104 72
219 154
219 280
99 417
99 21
99 436
99 289
167 123
167 58
297 198
297 15
119 231
119 368
119 420
119 304
298 333
298 124
252 364
252 311
478 154
478 319
478 247
143 33
143 162
143 351
143 93
143 363
466 277
345 325
335 450
335 75
313 360
313 271
313 422
313 122
313 395
200 253
200 196
140 1
140 189
140 218
140 69
21 243
21 19
21 160
21 435
21 272
240 489
240 205
282 280
28 498
28 407
28 64
28 52
116 283
116 236
116 58
318 264
318 483
318 251
318 272
46 277
421 215
421 299
421 472
421 149
421 175
149 19
149 198
149 172
47 480
47 401
360 388
360 278
360 72
278 356
278 180
288 30
288 431
144 122
144 213
144 314
144 176
103 212
103 51
103 207
103 136
457 406
457 155
457 54
400 238
400 95
238 456
238 400
238 138
110 259
110 430
110 14
454 22
454 248
454 175
483 267
483 53
483 331
483 444
483 171
391 5
391 212
280 370
280 388
142 101
438 197
155 398
155 397
155 197
155 331
155 24
155 145
310 41
310 164
194 19
194 325
456 62
456 120
456 453
107 20
107 429
480 273
212 163
212 198
188 486
188 135
188 489
373 429
373 128
373 112
373 236
146 236
146 486
146 95
279 268
279 260
279 174
279 33
279 290
279 19
279 276
279 393
279 159
279 22
31 376
156 79
156 242
492 150
492 486
492 443
218 35
367 65
367 325
395 72
395 130
395 495
495 248
495 464
495 17
436 191
436 448
436 99
106 134
106 472
106 496
106 152
193 319
193 191
193 257
193 190
228 430
228 305
498 11
498 39
498 248
498 52
248 17
20 159
20 27
20 213
20 180
259 157
259 354
83 276
38 198
38 125
38 448
206 422
206 273
206 230
43 243
43 413
43 65
43 123
134 442
134 269
368 10
86 269
170 398
170 150
170 198
170 60
170 359
264 417
264 64
264 157
264 291
264 340
5 53
5 158
5 301
5 391
65 60
269 364
269 473
191 448
191 388
451 420
451 221
451 205
257 125
257 74
257 357
154 160
154 267
154 234
154 57
154 29
372 473
372 16
265 260
265 232
268 299
242 197
242 1
482 299
482 85
482 160
482 58
22 253
22 75
22 417
22 402
22 454
108 331
108 299
56 489
402 283
402 22
402 353
141 162
141 69
141 52
141 100
153 158
153 471
153 231
153 260
153 306
195 350
195 182
113 13
378 370
378 62
378 159
378 377
25 96
25 420
230 29
1 211
1 75
243 449
27 487
399 182
399 7
399 176
420 333
420 215
420 135
420 2
420 408
420 119
449 182
449 460
449 236
120 96
120 428
120 325
120 323
413 267
413 79
430 406
430 62
430 95
135 351
135 215
135 213
85 197
85 370
85 161
440 130
440 337
440 486
440 261
189 37
189 3
125 366
125 439
125 193
159 358
163 267
163 95
489 215
489 328
489 30
276 73
276 29
253 19
253 363
253 296
253 82
111 441
111 337
111 40
72 95
72 69
166 231
406 69
406 95
350 69
350 183
376 59
376 174
376 35
376 37
267 472
267 33
192 442
407 60
215 303
215 328
441 450
441 93
62 430
364 370
356 283
356 207
356 237
60 448
60 95
211 236
211 351
61 493
160 58
439 93
439 112
439 234
14 453
14 337
96 236
96 102
96 289
112 216
112 50
448 337
448 7
448 39
448 75
448 164
337 351
351 158
351 261
351 211
388 417
388 197
388 316
388 57
303 306
303 56
11 130
11 35
224 417
224 69
224 427
429 75
429 487
429 77
331 73
331 75
331 69
331 51
331 493
331 273
331 24
306 301
306 186
95 148
95 453
95 79
95 493
95 245
197 33
198 174
198 78
158 251
158 290
158 260
158 359
158 384
398 260
398 213
398 333
69 472
69 473
69 59
69 123
74 328
74 355
87 260
87 79
87 209
7 450
7 435
7 367
308 473
308 283
308 472
417 471
417 450
417 54
417 381
417 136
39 75
39 251
39 174
39 19
39 381
123 190
472 460
148 179
333 301
333 486
333 91
333 319
333 19
333 277
93 273
93 182
93 37
93 441
473 182
473 157
473 301
473 213
319 450
319 371
319 299
487 59
487 301
487 460
487 107
241 393
241 207
241 366
241 290
241 283
486 453
486 393
486 130
64 260
64 157
64 182
19 326
19 229
207 450
207 390
51 366
51 179
51 79
51 291
35 397
35 442
35 467
301 179
301 79
301 459
301 152
260 182
283 79
283 299
283 13
283 471
251 128
290 273
290 442
290 291
290 162
290 53
290 490
290 40
290 314
130 157
130 299
130 122
130 12
130 458
130 333
130 275
371 273
467 397
467 493
467 453
467 2
79 460
79 402
213 299
213 16
213 372
291 162
291 75
291 57
75 393
75 169
59 460
157 273
157 68
157 44
471 151
471 162
471 360
366 68
366 179
460 151
460 328
460 397
460 453
460 229
450 272
328 442
328 299
328 162
328 233
174 33
174 299
122 397
397 68
397 37
397 13
397 91
299 37
162 33
162 50
236 91
453 59
453 136
453 317
13 91
13 72
493 393
393 442
393 179
393 324
442 128
442 75
128 91
273 53
53 494
53 50
68 151
68 37
68 119
68 185
151 37
151 179
151 91
91 432
91 402
91 406
91 449
33 179
33 436
33 223
179 37
179 190
37 106
