500 499 500
386 487 300 412 19 264 175 397 73 240 414 385 447 209 284 146 263 8 313 334 58 260 483 424 349 147 163 419 27 308 440 374 407 182 409 203 317 36 327 381 493 413 173 450 37 153 476 107 272 72 132 217 309 79 1 296 479 149 191 66 416 470 94 118 265 212 431 205 423 268 258 446 134 167 307 395 481 111 332 184 233 230 68 492 92 314 433 489 87 329 411 29 197 420 472 238 77 226 17 190 32 223 364 78 28 168 120 122 31 415 291 46 482 358 39 356 337 365 466 171 108 121 469 24 406 187 137 51 211 346 342 475 438 333 188 340 343 54 235 157 396 44 252 432 59 319 361 370 345 316 403 330 318 439 61 422 448 389 328 22 14 158 320 52 500 85 248 80 461 21 467 154 444 10 142 465 245 451 177 257 96 101 125 9 135 49 442 35 435 480 6 357 193 236 255 429 201 372 90 93 262 7 295 183 391 38 399 387 26 281 462 131 23 347 418 141 43 341 350 408 227 18 213 81 335 253 373 204 60 221 437 463 130 471 104 270 172 425 242 377 283 339 180 474 113 251 11 185 2 95 477 126 70 165 218 404 288 468 214 40 382 366 280 375 100 282 460 311 207 83 159 117 369 20 15 65 256 115 325 312 362 150 287 490 139 34 241 152 351 402 33 215 75 199 249 166 202 488 464 360 491 64 136 498 63 310 119 301 400 434 298 322 392 243 455 41 266 234 30 278 106 352 473 275 181 169 261 50 276 88 427 97 443 84 294 208 3 401 162 494 210 48 384 74 441 47 57 246 459 129 267 144 348 220 299 289 170 497 86 102 421 271 486 388 306 273 179 222 178 363 140 105 290 390 145 76 62 42 428 103 359 160 331 323 378 430 67 379 426 82 394 4 151 452 225 269 344 453 368 114 398 338 449 55 156 127 324 478 186 219 405 12 445 367 244 206 302 192 417 138 458 112 53 164 354 247 25 56 297 194 250 393 259 196 304 99 495 224 124 229 315 436 383 110 336 13 326 237 303 293 305 457 380 16 321 91 98 161 155 285 45 198 174 195 123 274 286 355 133 292 485 239 216 254 143 148 376 116 109 189 176 410 499 71 496 5 200 128 456 484 277 69 371 228 353 232 89 454 231 279
1 2
2 3
3 4
4 5
5 6
6 7
7 8
8 9
9 10
10 11
11 12
12 13
13 14
14 15
15 16
16 17
17 18
18 19
19 20
20 21
21 22
22 23
23 24
24 25
25 26
26 27
27 28
28 29
29 30
30 31
31 32
32 33
33 34
34 35
35 36
36 37
37 38
38 39
39 40
40 41
41 42
42 43
43 44
44 45
45 46
46 47
47 48
48 49
49 50
50 51
51 52
52 53
53 54
54 55
55 56
56 57
57 58
58 59
59 60
60 61
61 62
62 63
63 64
64 65
65 66
66 67
67 68
68 69
69 70
70 71
71 72
72 73
73 74
74 75
75 76
76 77
77 78
78 79
79 80
80 81
81 82
82 83
83 84
84 85
85 86
86 87
87 88
88 89
89 90
90 91
91 92
92 93
93 94
94 95
95 96
96 97
97 98
98 99
99 100
100 101
101 102
102 103
103 104
104 105
105 106
106 107
107 108
108 109
109 110
110 111
111 112
112 113
113 114
114 115
115 116
116 117
117 118
118 119
119 120
120 121
121 122
122 123
123 124
124 125
125 126
126 127
127 128
128 129
129 130
130 131
131 132
132 133
133 134
134 135
135 136
136 137
137 138
138 139
139 140
140 141
141 142
142 143
143 144
144 145
145 146
146 147
147 148
148 149
149 150
150 151
151 152
152 153
153 154
154 155
155 156
156 157
157 158
158 159
159 160
160 161
161 162
162 163
163 164
164 165
165 166
166 167
167 168
168 169
169 170
170 171
171 172
172 173
173 174
174 175
175 176
176 177
177 178
178 179
179 180
180 181
181 182
182 183
183 184
184 185
185 186
186 187
187 188
188 189
189 190
190 191
191 192
192 193
193 194
194 195
195 196
196 197
197 198
198 199
199 200
200 201
201 202
202 203
203 204
204 205
205 206
206 207
207 208
208 209
209 210
210 211
211 212
212 213
213 214
214 215
215 216
216 217
217 218
218 219
219 220
220 221
221 222
222 223
223 224
224 225
225 226
226 227
227 228
228 229
229 230
230 231
231 232
232 233
233 234
234 235
235 236
236 237
237 238
238 239
239 240
240 241
241 242
242 243
243 244
244 245
245 246
246 247
247 248
248 249
249 250
250 251
251 252
252 253
253 254
254 255
255 256
256 257
257 258
258 259
259 260
260 261
261 262
262 263
263 264
264 265
265 266
266 267
267 268
268 269
269 270
270 271
271 272
272 273
273 274
274 275
275 276
276 277
277 278
278 279
279 280
280 281
281 282
282 283
283 284
284 285
285 286
286 287
287 288
288 289
289 290
290 291
291 292
292 293
293 294
294 295
295 296
296 297
297 298
298 299
299 300
300 301
301 302
302 303
303 304
304 305
305 306
306 307
307 308
308 309
309 310
310 311
311 312
312 313
313 314
314 315
315 316
316 317
317 318
318 319
319 320
320 321
321 322
322 323
323 324
324 325
325 326
326 327
327 328
328 329
329 330
330 331
331 332
332 333
333 334
334 335
335 336
336 337
337 338
338 339
339 340
340 341
341 342
342 343
343 344
344 345
345 346
346 347
347 348
348 349
349 350
350 351
351 352
352 353
353 354
354 355
355 356
356 357
357 358
358 359
359 360
360 361
361 362
362 363
363 364
364 365
365 366
366 367
367 368
368 369
369 370
370 371
371 372
372 373
373 374
374 375
375 376
376 377
377 378
378 379
379 380
380 381
381 382
382 383
383 384
384 385
385 386
386 387
387 388
388 389
389 390
390 391
391 392
392 393
393 394
394 395
395 396
396 397
397 398
398 399
399 400
400 401
401 402
402 403
403 404
404 405
405 406
406 407
407 408
408 409
409 410
410 411
411 412
412 413
413 414
414 415
415 416
416 417
417 418
418 419
419 420
420 421
421 422
422 423
423 424
424 425
425 426
426 427
427 428
428 429
429 430
430 431
431 432
432 433
433 434
434 435
435 436
436 437
437 438
438 439
439 440
440 441
441 442
442 443
443 444
444 445
445 446
446 447
447 448
448 449
449 450
450 451
451 452
452 453
453 454
454 455
455 456
456 457
457 458
458 459
459 460
460 461
461 462
462 463
463 464
464 465
465 466
466 467
467 468
468 469
469 470
470 471
471 472
472 473
473 474
474 475
475 476
476 477
477 478
478 479
479 480
480 481
481 482
482 483
483 484
484 485
485 486
486 487
487 488
488 489
489 490
490 491
491 492
492 493
493 494
494 495
495 496
496 497
497 498
498 499
499 500
