479 616 328
389 373 225 448 25 162 294 167 310 472 474 118 92 314 20 59 9 99 124 236 469 244 219 165 466 385 203 230 277 348 303 375 8 421 130 358 90 202 425 62 262 397 345 471 408 68 209 283 320 360 169 183 101 63 257 186 224 53 242 351 317 31 141 267 265 3 220 380 193 302 108 41 143 82 57 335 362 372 454 393 122 323 438 479 355 468 442 238 430 184 58 50 455 450 197 429 94 394 341 364 112 111 436 194 272 278 258 319 340 30 354 374 263 228 217 426 187 253 318 48 334 316 174 154 406 180 85 168 417 204 431 128 95 301 157 321 269 252 463 27 39 357 60 304 200 40 243 410 23 148 378 123 359 64 55 67 15 361 172 52 295 145 144 91 75 422 229 460 337 377 7 353 274 2 309 131 160 414 201 170 86 249 163 451 371 1 237 161 195 36 84 146 420 292 21 56 104 312 440 305 77 329 34 176 137 181 96 196 419 477 11 72 46 134 276 383 120 103 121 106 400 261 457 178 423 177 280 35 445 251 307 212 402 325 117 189 384 322 44 404 74 102 343 10 331 260 311 411 264 390 416 456 412 449 255 465 447 222 446 171 439 136 173 350 396 119 132 216 254 328 80 234 275 150 437 476 376 470 401 19 248 93 226 291 327 12 29 475 152 28 135 78 37 285 356 32 240 100 273 382 282 43 156 125 367 271 338 191 155 313 324 245 71 299 433 47 127 332 458 405 214 427 330 287 205 61 139 349
197 382
106 108
75 373
455 278
286 159
54 330
154 338
466 56
360 162
384 236
267 290
89 135
438 252
363 35
256 478
263 307
268 342
403 99
344 245
278 56
195 19
195 343
139 47
341 441
51 96
188 11
274 21
437 224
465 129
453 250
75 366
301 78
121 134
371 467
355 283
219 104
157 228
173 372
154 303
174 141
112 383
255 24
131 149
111 349
92 356
158 392
476 68
173 113
337 329
140 2
407 85
65 451
143 422
414 408
208 428
380 122
393 384
243 58
174 130
75 136
156 4
334 10
375 420
279 102
193 103
379 378
82 166
246 254
398 39
186 201
320 324
94 128
125 112
232 118
382 149
450 109
36 113
235 314
447 194
2 387
207 428
327 258
351 470
443 366
217 109
256 176
390 87
172 150
82 14
143 172
55 62
416 342
95 427
190 264
341 261
313 318
344 12
120 12
468 454
277 334
215 242
441 145
228 296
327 64
358 31
232 20
119 160
32 326
250 38
352 323
438 111
290 454
23 167
373 80
11 107
426 102
218 477
187 102
203 331
428 168
52 449
199 86
376 204
440 80
347 48
452 250
371 129
293 76
176 180
196 366
26 8
216 422
348 156
119 355
384 424
98 260
93 473
48 430
452 243
275 423
185 475
431 245
294 297
152 44
259 55
25 420
262 322
264 45
17 247
71 158
302 122
426 365
56 375
380 315
13 25
50 206
253 307
168 66
415 410
50 26
465 142
169 110
212 367
474 311
420 6
64 466
159 366
343 359
311 18
13 286
143 75
112 134
69 158
19 320
149 196
267 331
447 28
389 326
452 259
5 412
392 389
13 355
197 29
85 55
210 254
249 392
242 199
46 102
473 185
458 331
164 189
12 310
447 445
166 142
249 240
285 435
228 423
462 207
203 56
281 431
378 408
68 375
88 411
431 398
446 326
236 94
10 88
444 56
85 82
386 161
261 339
74 372
265 299
443 276
160 106
87 238
145 19
155 334
167 194
375 155
364 193
126 166
304 422
249 377
407 58
345 332
295 155
147 11
2 375
222 87
96 183
348 283
185 272
357 22
387 236
444 438
43 81
395 121
151 70
53 10
122 308
209 92
57 344
160 409
448 255
307 186
208 159
362 111
217 364
406 339
17 123
70 323
243 315
353 148
58 449
305 90
120 194
87 388
425 351
341 34
338 392
229 474
448 203
195 107
167 265
240 366
287 341
264 339
132 435
454 137
153 347
413 379
335 103
144 112
137 218
170 410
194 455
387 278
237 151
339 177
71 81
107 227
418 233
321 274
454 93
431 76
213 317
22 320
97 225
299 316
6 294
391 86
65 99
198 249
390 298
264 401
1 13
51 414
395 473
75 347
5 161
470 154
341 144
245 390
149 331
265 131
120 190
274 14
54 349
233 429
118 226
250 129
411 475
154 443
311 383
7 446
205 432
273 272
106 436
55 398
229 355
386 426
88 59
41 470
432 253
438 382
64 112
136 331
256 198
281 365
258 289
348 469
83 141
214 281
419 70
31 32
33 363
150 166
230 254
473 56
10 64
358 462
254 376
463 369
180 205
93 222
81 461
51 285
244 133
56 133
50 277
409 274
69 153
355 75
398 372
246 273
153 69
88 96
110 169
155 41
111 379
137 291
143 453
291 417
35 81
139 171
421 83
158 340
245 463
349 342
460 191
145 72
202 392
316 290
434 273
245 71
298 283
174 346
174 325
70 3
263 337
313 120
103 238
385 407
373 450
5 296
60 144
338 39
39 250
143 248
378 353
49 449
82 28
252 69
232 18
426 245
138 301
101 123
442 192
133 12
439 119
431 429
142 30
230 221
387 130
49 126
306 15
420 398
87 361
471 125
249 264
251 404
221 313
434 336
288 334
454 417
436 156
102 233
161 323
24 343
390 268
338 134
406 170
227 77
7 335
111 305
387 11
38 332
108 215
277 72
381 422
345 421
191 46
335 227
334 338
388 437
253 83
214 53
291 122
113 380
171 173
102 191
307 6
273 10
434 312
395 212
165 177
283 15
130 365
280 143
291 281
3 134
211 395
171 100
352 223
229 369
420 240
3 279
206 227
452 101
405 222
153 458
113 456
284 274
414 150
353 330
116 90
435 60
59 110
201 111
239 379
73 244
192 263
210 417
369 218
27 61
52 374
375 464
119 257
340 345
289 133
209 197
281 23
171 250
359 63
353 456
29 176
300 397
448 4
40 56
268 24
16 77
219 454
211 147
361 440
139 30
247 344
339 396
258 199
143 21
259 146
141 336
275 343
289 190
10 97
267 467
8 75
327 465
291 454
359 226
427 217
473 196
309 361
343 61
412 40
145 434
366 434
421 174
270 336
110 154
418 172
43 217
68 313
129 268
18 437
188 322
335 97
228 332
267 22
470 50
140 190
22 263
98 117
206 374
48 224
427 444
234 302
6 370
122 448
475 126
421 274
277 479
302 260
54 336
47 477
25 147
251 363
398 396
215 443
346 144
159 33
77 33
285 369
200 121
264 392
421 2
60 195
282 254
358 289
394 456
144 315
477 194
290 146
285 135
335 37
322 116
310 10
10 356
463 28
304 408
452 339
36 120
168 452
178 152
202 165
437 359
42 116
276 188
467 320
115 204
163 59
460 367
54 316
325 461
431 246
431 443
47 42
72 341
411 100
167 87
6 434
361 366
58 422
311 310
332 191
90 327
156 309
113 123
58 116
67 292
308 436
89 365
22 153
282 111
345 450
186 269
373 49
449 76
102 234
130 444
93 398
339 397
345 222
417 83
221 145
429 205
