308 529 250
281 93 229 59 307 305 30 160 86 11 130 44 280 24 111 264 251 49 295 174 36 122 179 220 62 70 268 233 293 207 224 26 279 284 289 1 186 148 143 244 74 71 282 159 98 247 209 28 120 57 55 210 275 108 206 5 164 29 277 137 292 203 149 162 66 96 299 115 297 48 265 127 262 270 125 113 249 45 119 104 285 225 131 253 183 200 155 182 151 6 32 228 33 56 167 216 106 146 21 172 173 77 69 187 219 248 13 61 54 250 165 166 184 258 271 107 35 136 135 133 260 199 294 50 240 213 304 243 38 20 177 190 102 140 273 180 80 286 79 257 138 154 242 97 31 43 205 78 132 16 64 178 302 261 197 2 236 176 274 208 291 193 117 150 23 9 73 227 238 152 252 181 118 156 196 303 241 198 230 223 301 194 63 221 139 191 222 144 105 109 256 81 52 278 163 46 82 204 234 306 189 142 255 94 308 195 296 202 290 10 237 40 145 121 239 85 75 287 246 84 58 175 170 126 7 254 53 214 147 158 128 92 168 34 65 288 22 67 68 47 112 188 101 235 110 153 259 3 116 266
304 15
304 71
194 80
194 270
194 142
194 168
243 227
243 248
243 220
268 46
94 291
94 95
94 82
7 200
7 290
7 220
7 121
205 172
205 123
205 200
205 290
205 29
205 149
185 89
245 2
245 125
239 172
239 307
239 24
239 158
49 168
49 88
49 281
46 184
46 172
46 168
46 57
186 283
229 217
229 125
229 123
255 2
255 246
255 199
129 276
129 108
129 267
129 252
129 189
307 189
307 135
307 257
307 80
307 238
307 201
95 219
95 195
95 237
265 291
265 217
265 97
265 19
168 187
168 176
168 216
168 33
168 213
168 34
123 36
165 141
165 14
165 227
165 111
103 115
103 286
83 267
83 252
83 22
277 97
277 89
217 286
53 14
53 201
53 257
164 220
164 125
164 275
219 275
219 195
219 216
219 43
136 290
136 274
14 259
14 248
14 19
105 18
23 201
23 247
23 100
286 88
286 125
190 247
140 34
140 242
220 248
220 188
99 80
99 176
99 187
99 92
5 269
5 172
5 294
5 208
289 91
289 221
289 2
289 284
199 290
189 27
128 266
128 294
128 175
128 42
128 238
36 246
36 176
36 267
294 15
252 29
135 55
135 120
135 223
51 115
24 2
24 276
24 139
96 276
96 82
96 26
96 208
187 15
187 213
19 67
19 137
19 178
19 162
15 80
134 71
134 246
134 119
130 195
166 259
166 266
166 171
248 227
248 256
248 275
162 142
149 238
12 274
12 26
12 193
12 208
274 32
274 275
274 231
119 155
119 111
119 67
119 216
9 120
9 142
9 88
9 238
9 82
79 1
79 2
79 124
79 82
79 71
2 82
2 27
2 275
213 97
213 72
213 178
213 33
97 238
284 125
284 231
284 85
71 33
71 201
71 38
82 257
82 85
269 27
269 260
184 176
137 267
137 247
137 32
137 26
137 55
26 100
26 178
26 22
26 221
124 29
124 266
124 221
178 72
178 18
178 197
178 272
72 247
72 293
296 281
296 259
270 73
38 267
231 291
260 18
89 56
89 249
259 201
259 68
121 33
121 67
121 125
121 10
193 112
193 223
247 227
256 100
256 222
291 281
291 88
172 242
172 29
172 276
172 155
169 272
169 249
169 77
169 85
175 115
222 264
222 201
222 223
222 29
55 221
55 18
55 201
55 226
88 115
88 1
88 223
125 238
125 272
125 56
141 126
141 22
141 227
141 281
249 257
249 18
249 100
249 107
18 238
18 115
22 33
22 188
29 126
29 275
226 108
223 195
223 120
223 208
223 272
77 85
77 227
77 155
77 290
77 142
108 201
267 112
267 126
290 208
115 272
115 201
115 197
59 67
59 227
59 305
266 257
188 32
188 85
1 112
1 261
126 57
126 32
216 195
32 120
33 111
33 56
272 208
238 227
238 57
238 195
242 208
242 73
242 227
112 176
112 91
112 120
112 111
276 208
276 120
276 257
276 111
276 176
276 201
91 257
275 221
34 155
73 257
73 27
73 201
73 208
85 67
85 257
27 227
27 56
27 196
158 281
158 227
201 221
208 111
208 57
208 197
197 120
197 257
176 56
176 120
176 57
176 111
155 67
57 67
57 56
257 67
257 132
221 111
221 120
67 111
67 120
120 111
283 87
87 285
285 225
225 278
278 156
156 271
156 298
271 298
298 81
81 98
98 191
191 302
302 183
183 39
39 186
293 207
207 118
118 45
45 152
152 161
161 224
161 152
224 173
173 72
132 69
69 300
300 133
133 116
116 117
117 106
106 8
8 257
8 106
92 206
206 114
114 25
25 244
244 234
234 303
234 31
303 52
52 31
31 212
31 25
212 84
84 250
250 99
305 35
35 202
202 44
44 170
170 210
210 167
167 235
235 159
159 102
102 160
160 59
160 44
261 204
204 236
236 218
218 263
263 127
127 17
17 253
253 54
54 1
54 236
196 61
61 282
282 109
109 153
153 287
287 211
211 297
297 163
163 179
163 287
179 299
299 27
43 65
65 58
58 104
104 215
215 180
180 47
47 279
279 306
306 295
295 240
240 21
21 16
16 230
16 154
230 113
230 58
113 157
157 214
214 28
28 154
28 240
154 90
90 78
78 219
107 292
292 74
74 50
74 144
50 209
209 93
93 131
131 37
37 203
203 13
13 251
251 177
177 63
63 144
144 233
233 148
148 249
139 145
145 192
192 273
273 11
273 20
11 20
20 3
3 151
151 143
143 198
198 86
86 66
66 182
182 308
308 41
41 174
174 147
147 62
62 138
138 254
254 150
150 40
40 48
48 24
237 4
4 64
64 301
301 70
301 262
70 241
241 232
232 146
146 262
262 60
60 258
258 228
228 95
68 122
68 288
122 75
75 181
181 288
288 259
10 280
280 6
6 110
110 121
110 6
