482 1994 374
387 141 22 63 86 157 245 154 398 120 211 437 428 442 406 263 164 192 58 133 254 247 358 475 426 266 386 443 378 364 471 89 277 360 109 452 371 432 30 366 279 88 230 90 118 145 302 14 250 396 359 117 45 81 423 94 318 419 198 209 42 113 137 19 21 66 104 315 377 270 93 98 123 155 466 150 308 229 116 25 313 389 228 375 5 152 288 369 183 121 331 476 422 286 252 324 354 267 412 56 430 148 361 244 343 314 226 289 162 95 129 332 39 20 251 171 108 64 253 236 15 301 18 84 168 9 76 268 59 424 105 158 77 2 350 474 75 213 196 217 341 444 205 372 453 240 65 33 91 134 23 421 365 17 99 431 401 393 272 464 96 159 53 273 403 111 436 417 287 47 373 144 305 449 224 292 394 31 74 190 460 151 132 28 220 193 281 82 124 72 203 85 48 370 50 241 231 206 167 12 126 163 8 197 344 166 298 269 219 258 189 408 185 233 425 311 353 478 280 57 199 262 222 414 363 218 70 248 223 36 384 479 207 239 186 265 445 482 309 410 243 294 87 441 178 264 326 295 374 381 187 212 101 257 135 306 382 79 454 282 323 100 161 456 61 67 399 255 10 349 4 405 357 259 352 472 225 7 110 208 461 34 38 368 153 271 249 450 3 214 62 319 256 232 380 175 337 418 413 434 182 210 260 235 376 160 24 221 348 83 338 293 215 407 32 138 11 451 291 174 26 179 435 35 106 336 181 102 462 188 297 429 290 37 276 347 304 312 127 379 119 71 469 172 115 333 128 327 107 468 320 73 195 54 173 131 300 480 52 415 391 146 411 322 385 459 60 169 40 416 43 470 44 261
228 233
135 94
294 98
211 328
430 426
140 95
7 80
120 414
192 309
371 230
269 295
7 88
314 78
267 237
475 246
255 268
141 25
284 162
434 74
422 136
115 74
268 445
381 156
480 24
448 380
222 257
196 155
15 456
45 404
209 440
172 290
29 145
229 339
8 445
387 214
302 340
170 427
357 425
23 308
50 11
190 241
466 253
348 105
284 81
69 207
425 259
35 124
120 466
358 72
296 221
281 180
388 124
463 375
165 22
254 251
377 365
121 198
460 132
204 177
35 136
470 245
27 117
468 471
351 423
136 369
260 62
151 199
163 319
128 350
30 193
219 262
342 233
168 306
242 388
247 346
202 30
149 447
418 147
190 79
373 402
30 358
98 351
28 190
149 24
236 94
405 344
343 197
245 207
106 283
63 216
163 41
101 67
258 277
242 194
237 468
480 296
99 253
403 299
241 239
290 110
246 112
336 196
439 240
380 294
172 210
421 44
22 42
50 317
394 327
279 361
240 481
154 157
385 196
403 104
21 122
120 269
266 402
376 426
217 79
449 235
78 440
413 426
230 141
159 290
262 255
204 185
123 305
329 358
443 419
423 236
124 299
38 296
174 466
222 311
77 268
305 307
424 448
308 117
144 188
336 410
481 422
256 133
261 288
269 422
252 147
23 372
195 359
250 454
251 439
25 258
18 425
129 228
370 453
423 347
91 417
31 13
355 386
373 381
288 147
381 22
309 177
470 73
63 159
80 379
91 142
115 246
482 247
100 193
42 367
336 342
340 221
147 307
113 51
176 357
418 376
435 10
251 183
392 459
317 436
113 274
124 282
29 37
131 150
369 359
121 233
365 316
326 230
141 298
408 428
93 30
408 352
292 145
81 346
61 173
366 429
109 223
383 321
59 342
284 353
163 395
124 190
474 114
433 82
66 400
31 29
399 387
17 339
432 277
237 444
259 248
5 181
242 251
438 427
197 28
115 337
71 447
8 179
122 221
143 232
153 305
5 213
285 96
11 279
367 440
225 354
31 66
363 133
161 132
456 5
292 1
69 475
341 323
254 453
119 46
118 154
375 398
20 239
373 92
112 376
17 85
134 325
438 114
358 462
105 456
338 242
284 60
454 20
468 447
140 54
320 416
83 71
109 404
260 431
112 85
446 468
219 202
476 193
202 58
332 195
405 134
209 212
412 457
207 470
460 260
417 32
437 305
91 385
191 190
298 250
476 6
374 414
431 375
148 28
479 60
424 111
391 292
97 258
308 93
125 444
429 19
226 361
125 101
228 235
296 99
26 60
184 337
158 355
158 352
23 148
434 115
426 126
292 27
340 226
319 309
181 331
200 52
198 294
305 204
324 440
387 70
469 229
149 165
311 177
30 371
38 170
159 365
211 152
84 342
399 166
168 425
282 463
385 18
452 380
46 439
44 381
12 49
6 137
294 260
348 25
360 31
380 188
25 216
436 210
271 251
466 113
81 358
313 264
236 242
149 206
181 67
61 225
433 130
70 44
96 325
319 188
395 29
15 258
321 445
396 241
94 227
380 467
224 215
33 481
248 48
333 378
280 223
114 380
429 161
162 242
144 195
136 390
246 26
93 207
392 419
337 53
48 40
460 133
410 167
418 458
419 13
282 116
220 417
453 406
324 399
313 232
221 326
274 85
117 458
378 2
200 19
343 263
275 213
192 428
164 202
307 389
184 163
393 286
161 381
305 288
370 117
325 259
374 138
41 231
482 382
476 152
302 363
116 275
147 274
434 232
468 240
101 294
322 63
63 211
441 31
236 171
434 310
166 115
100 107
214 205
435 472
427 214
299 258
49 124
71 287
273 465
26 136
224 474
375 402
210 468
318 327
258 225
332 430
480 306
392 444
237 348
250 421
67 23
399 186
71 75
478 263
241 187
260 189
355 103
66 315
177 50
72 427
110 202
103 146
356 88
391 426
412 417
65 363
152 342
63 305
180 346
207 443
69 411
268 93
395 240
416 469
439 263
9 33
479 420
38 254
8 302
144 208
231 335
273 274
392 358
454 138
343 241
106 250
206 216
394 19
234 102
264 35
129 22
297 79
11 30
37 411
213 480
315 113
230 467
329 182
374 17
431 105
52 19
3 68
192 394
5 349
378 204
83 354
391 47
424 216
24 125
73 409
152 304
40 226
417 227
49 181
314 8
283 121
296 23
413 293
439 222
243 460
177 304
9 38
290 4
13 344
403 405
417 407
240 128
187 468
296 202
131 4
380 151
47 254
439 118
137 432
84 324
11 451
350 218
169 22
13 50
27 167
144 200
231 195
84 79
164 71
363 284
219 425
471 277
64 299
317 169
68 237
339 180
85 21
12 402
435 423
46 428
427 476
249 58
40 104
449 340
407 400
425 469
417 75
83 122
245 283
59 384
336 298
119 242
387 58
350 73
285 300
124 260
366 288
86 1
194 66
472 234
194 10
303 274
202 379
357 113
205 457
268 467
360 340
229 263
274 350
3 72
36 138
398 165
356 407
451 461
314 71
65 43
112 103
431 410
318 474
245 103
205 108
7 135
470 189
261 117
469 317
281 262
200 451
367 96
356 220
141 136
48 252
282 298
482 132
53 157
348 154
140 436
343 319
155 293
329 441
13 211
360 288
264 6
235 99
137 5
76 96
178 67
299 149
415 285
421 45
429 292
426 318
288 457
86 219
131 418
264 326
389 372
289 308
319 66
148 165
16 173
46 188
189 451
253 187
274 351
127 262
256 360
458 227
240 262
476 23
21 146
154 339
334 367
28 329
119 311
64 75
47 190
121 162
428 456
140 259
381 245
63 249
51 35
291 85
105 322
439 448
82 272
89 311
289 30
302 356
29 137
108 127
209 176
396 232
154 144
31 422
459 241
33 101
200 309
362 14
59 278
142 364
247 199
110 296
428 301
94 63
118 81
88 285
25 418
84 233
473 260
92 375
150 172
304 420
176 222
388 176
18 136
255 230
429 479
200 419
89 259
214 480
104 467
103 337
49 277
310 108
384 331
404 25
145 385
452 461
394 438
88 153
227 26
214 395
68 318
382 84
446 317
3 245
63 466
58 188
18 391
340 277
411 478
256 138
244 27
428 224
195 296
319 299
266 419
397 135
479 111
210 206
205 34
404 387
104 319
193 50
427 285
367 391
300 307
360 208
264 160
309 49
48 410
167 375
475 440
313 114
398 185
434 148
163 60
379 480
151 112
325 135
454 3
414 440
36 330
399 238
71 191
1 300
440 399
435 356
218 59
94 456
55 77
235 424
79 343
360 408
423 414
271 142
141 85
5 468
207 287
233 247
93 317
332 272
245 482
252 409
25 134
171 450
287 176
456 26
470 154
77 184
296 382
227 479
36 104
47 15
45 306
12 257
394 128
85 229
441 250
314 222
115 371
289 376
311 398
378 479
369 420
22 244
11 475
422 395
62 42
427 330
49 61
272 472
273 338
32 100
27 76
351 223
439 116
278 159
242 142
128 59
216 94
405 138
438 45
259 149
39 288
311 444
194 239
161 50
319 177
224 342
262 300
117 228
209 278
25 371
336 4
291 185
71 222
174 307
218 299
407 469
117 291
235 220
414 118
233 256
63 468
232 307
256 297
444 13
92 363
329 235
312 411
222 124
418 377
320 444
461 43
222 434
342 320
27 469
148 108
156 221
194 271
136 427
67 341
433 416
112 442
66 275
239 354
233 224
19 346
409 126
211 410
215 368
38 139
1 137
68 108
168 146
391 147
68 102
275 14
182 291
88 222
230 393
481 273
431 455
257 442
396 468
440 175
443 406
430 95
34 123
202 431
8 254
393 295
238 112
275 315
470 292
33 361
28 438
64 93
112 297
307 269
196 464
441 179
195 306
429 406
367 449
192 413
190 17
312 147
211 345
221 448
198 202
279 428
380 284
220 481
22 207
62 338
481 281
283 455
152 280
249 47
225 106
270 109
140 428
357 433
316 28
473 39
81 244
109 129
140 197
417 58
3 17
59 363
159 187
42 5
186 250
337 234
330 397
403 275
297 309
445 37
352 163
273 37
430 286
401 88
254 301
308 81
38 430
346 371
408 212
161 445
464 442
372 350
204 217
436 470
160 324
39 72
356 330
357 173
204 194
396 256
108 50
408 22
80 275
352 341
97 90
358 34
92 170
298 192
99 74
443 257
44 43
4 432
327 169
207 288
44 383
425 73
60 239
237 12
162 439
392 448
283 162
20 207
213 183
24 439
210 14
125 269
418 435
470 225
193 394
73 108
52 410
186 417
200 235
20 27
333 417
8 295
169 88
403 155
38 165
321 51
128 186
279 167
423 129
307 54
444 15
213 57
366 91
130 133
447 366
413 373
145 212
447 435
397 391
252 437
61 175
69 39
229 221
91 430
455 345
139 134
303 418
336 190
56 125
177 472
197 150
460 415
249 427
385 416
391 72
200 227
435 151
27 412
198 323
453 435
339 445
226 390
305 278
467 421
118 136
332 367
436 254
104 145
414 106
348 178
202 378
410 413
139 370
362 131
469 240
76 289
278 421
412 166
461 85
369 265
277 27
157 218
417 378
386 341
48 476
13 297
288 39
470 204
252 27
147 77
455 88
148 395
63 478
190 293
277 147
191 259
222 65
175 341
244 474
290 407
235 36
226 184
248 113
211 300
158 190
471 46
191 430
21 217
450 475
61 263
222 306
97 7
94 249
464 111
78 87
3 353
218 198
254 210
350 306
228 67
471 321
294 393
436 394
460 262
56 191
333 219
377 313
78 309
342 330
188 88
307 424
167 2
36 466
262 397
430 18
61 190
288 456
463 304
120 159
193 446
180 415
113 472
75 300
201 27
455 99
316 94
357 435
20 323
119 25
395 470
316 348
49 460
459 450
85 433
45 59
251 75
39 447
198 89
139 59
352 214
187 11
377 471
58 56
13 160
64 471
348 480
276 61
181 174
375 356
478 72
230 239
222 359
226 299
223 27
224 426
319 430
82 31
394 310
354 115
12 167
388 156
376 57
224 390
198 244
281 210
276 355
385 228
172 167
88 257
184 98
476 100
281 441
86 270
130 344
292 370
42 132
109 359
176 210
5 334
241 449
111 36
326 254
320 284
121 358
192 20
102 33
409 321
400 377
465 439
285 127
408 297
293 136
116 245
330 373
332 106
35 361
437 180
322 198
207 45
164 107
416 130
6 436
225 194
198 475
201 393
309 413
169 30
393 417
109 412
328 471
33 39
300 210
17 277
26 305
27 129
383 130
207 231
286 227
73 168
175 429
31 19
133 365
88 69
120 79
292 353
58 46
23 408
415 170
313 112
173 319
318 87
436 4
207 200
172 319
84 381
141 337
184 246
470 425
377 124
197 15
404 20
17 471
385 451
472 235
47 193
148 6
460 412
139 266
176 439
186 335
329 95
34 348
413 69
56 481
308 195
35 221
149 416
325 173
107 357
292 57
174 382
293 435
276 157
310 338
234 421
184 232
116 170
461 290
94 82
239 437
62 316
112 271
27 357
408 344
328 32
3 190
334 357
45 206
467 398
338 478
94 254
225 153
118 341
179 19
225 31
218 393
462 50
11 373
252 131
121 300
52 210
31 160
46 406
63 33
378 438
139 249
305 73
143 458
285 269
109 400
69 75
26 442
210 204
311 267
173 105
157 433
392 153
235 241
99 224
449 282
74 220
67 37
276 73
287 75
261 245
140 241
31 177
394 355
87 434
45 395
14 168
414 357
356 48
304 173
408 469
473 383
299 205
292 168
204 165
172 150
237 321
355 124
364 216
452 322
37 464
303 466
448 81
207 478
136 205
206 100
365 60
470 479
213 385
146 79
408 19
149 242
29 114
142 407
436 204
349 412
450 246
474 205
344 198
34 71
343 363
359 239
22 248
225 251
371 386
16 389
14 181
470 254
246 159
426 381
156 447
119 91
231 344
242 207
244 336
227 194
169 426
394 44
138 344
31 325
328 425
197 146
127 186
385 75
88 455
181 201
155 348
299 10
263 199
122 365
71 57
169 367
51 328
97 249
5 234
403 127
426 250
156 269
57 148
94 309
290 344
140 118
207 69
85 278
476 151
287 384
462 46
39 19
384 467
318 99
227 254
380 165
39 385
327 84
397 424
92 411
281 27
203 14
373 374
388 107
336 40
116 150
238 390
199 305
377 115
459 247
358 451
479 336
265 359
248 308
170 207
184 462
90 296
381 336
144 269
57 352
453 300
390 236
363 224
367 341
264 165
240 425
317 83
210 52
5 279
82 230
253 165
333 254
48 370
274 6
162 123
161 14
59 479
201 330
410 373
17 346
17 94
49 222
332 306
223 251
24 398
388 45
20 237
73 387
427 8
217 255
73 94
277 340
388 408
6 243
338 299
272 238
146 102
157 122
81 220
44 138
39 387
330 42
76 345
310 37
32 77
43 283
73 172
9 359
437 110
180 232
256 254
226 207
313 450
452 180
131 18
429 92
221 223
198 325
239 399
181 359
412 8
430 413
90 153
413 302
383 115
131 440
64 457
420 255
395 465
439 215
11 8
108 312
422 194
192 141
211 194
299 73
115 432
190 313
262 97
23 359
420 262
7 231
348 205
66 44
393 2
190 125
110 133
421 90
19 272
143 360
35 451
96 150
97 157
79 60
107 247
401 36
71 127
416 180
265 292
346 192
242 475
367 13
199 338
136 254
399 290
133 227
164 168
126 113
236 302
266 112
289 365
201 63
59 4
298 36
382 34
372 145
273 50
86 410
184 192
16 474
22 101
474 49
115 238
44 30
424 430
442 455
330 447
186 452
20 265
131 428
120 96
264 246
125 422
152 109
236 33
145 111
201 221
103 265
135 414
365 135
183 389
253 268
383 342
202 335
61 216
4 120
95 460
292 13
169 465
367 38
237 253
24 209
295 101
284 49
196 206
57 394
168 454
440 434
173 323
395 473
445 104
80 358
275 71
379 366
172 468
395 93
141 267
263 480
114 171
472 162
473 200
147 239
315 165
369 170
393 35
32 251
103 126
18 389
470 114
457 253
317 266
350 59
137 80
18 112
220 418
57 247
328 335
145 176
278 255
104 125
129 61
59 439
226 215
386 41
377 190
18 79
135 425
362 64
200 87
95 263
307 445
160 346
78 36
309 304
316 394
75 235
448 400
357 21
381 321
49 134
473 266
327 31
415 254
405 75
130 475
154 178
232 231
132 193
236 368
319 251
479 112
14 18
206 394
304 103
448 433
203 223
142 208
324 162
179 133
338 436
41 226
172 21
132 331
132 155
4 381
123 140
361 115
100 357
255 128
440 188
188 474
190 288
268 147
77 175
261 214
478 161
65 19
105 291
238 432
190 138
473 174
143 224
310 277
348 121
438 343
423 405
50 304
110 268
473 371
70 260
45 280
123 233
408 372
215 124
222 473
149 478
478 406
11 292
477 82
59 263
109 237
391 177
116 43
309 355
219 75
408 139
281 207
193 380
360 464
67 424
192 38
19 369
39 219
139 90
435 297
323 373
258 212
47 451
56 408
204 250
65 309
102 89
241 198
262 152
360 359
376 478
58 62
154 106
100 52
65 181
281 185
381 249
1 311
410 290
210 37
23 42
249 156
480 54
5 390
113 2
246 408
444 473
380 225
338 12
68 134
450 410
471 9
481 313
162 322
397 191
466 421
96 371
241 442
418 89
255 301
187 158
158 14
27 169
224 388
411 136
70 42
138 349
94 400
126 273
299 407
292 411
285 471
361 248
140 319
292 359
418 463
421 315
383 425
15 407
99 319
364 26
399 405
140 172
58 135
120 345
19 304
44 269
301 188
233 179
388 395
311 236
137 379
121 95
212 385
49 372
200 340
376 283
106 336
119 431
403 400
427 337
404 177
249 212
259 109
1 276
384 74
449 20
193 471
469 373
291 428
405 147
203 461
185 73
472 349
459 11
408 471
432 59
7 368
107 191
374 137
16 265
124 140
300 98
250 225
57 109
149 306
388 154
148 92
418 290
311 13
253 365
437 357
352 459
466 482
358 191
28 243
398 217
323 341
227 67
339 220
65 11
74 27
461 104
220 234
151 413
235 455
444 78
342 318
336 182
246 233
122 352
44 445
322 188
405 36
30 129
275 473
179 22
154 175
219 15
210 447
268 222
99 40
72 236
441 25
173 282
466 307
6 312
277 391
260 177
425 438
269 247
335 421
206 461
422 372
12 17
33 482
205 246
331 130
191 322
51 105
130 64
340 232
362 472
375 114
316 417
309 65
35 352
268 318
315 260
168 417
52 269
291 76
89 386
258 9
426 457
187 208
21 420
332 86
56 378
476 116
357 340
43 280
157 77
477 287
306 13
194 146
340 460
273 130
308 137
121 92
228 480
439 313
240 62
77 305
437 186
207 148
282 36
62 310
13 264
469 437
469 270
343 209
391 419
277 327
419 474
20 305
155 411
188 329
197 400
327 269
388 475
422 325
222 92
72 418
124 318
133 251
473 53
264 83
17 331
57 232
411 211
123 115
271 337
352 317
241 40
388 175
262 106
56 234
178 398
221 13
433 115
199 187
472 413
312 77
148 48
141 406
27 481
357 233
145 74
68 274
120 416
63 251
329 442
45 299
268 177
325 420
183 218
413 161
83 325
303 378
179 271
482 430
131 187
156 358
50 373
329 300
82 254
29 24
94 48
449 240
200 29
216 181
172 163
264 306
251 22
461 222
115 96
397 60
310 471
249 85
467 216
331 292
170 155
282 369
416 399
26 348
244 197
4 156
422 18
293 33
78 371
244 306
362 474
165 425
74 107
272 155
6 438
98 108
472 313
229 64
327 312
103 138
379 37
266 356
240 345
234 419
234 220
55 272
169 39
57 158
250 244
19 166
17 91
213 449
155 4
228 316
20 351
217 332
408 107
129 478
410 75
266 74
347 442
214 410
334 342
377 298
137 360
331 339
271 449
282 57
432 411
374 131
398 5
77 299
38 280
100 408
412 261
377 299
227 1
216 339
211 73
268 82
