442 1221 350
190 23 321 154 268 38 170 159 422 264 4 421 189 126 379 252 136 327 158 111 133 325 174 344 87 120 438 179 360 108 115 337 25 239 309 128 119 283 361 141 412 298 212 93 144 432 37 307 365 29 387 100 73 317 237 46 442 314 282 218 435 171 99 167 64 261 90 7 33 255 54 10 183 204 143 50 302 331 393 250 213 292 168 20 146 122 44 226 403 131 363 14 32 367 427 106 113 253 178 163 125 114 153 96 15 17 259 208 184 210 335 181 91 151 236 313 409 254 101 359 95 374 245 402 240 342 42 287 420 66 227 301 414 431 277 71 215 424 246 191 31 251 285 195 186 1 83 284 55 378 59 276 398 315 375 418 381 49 12 2 232 273 61 173 139 291 94 231 248 124 281 118 104 416 372 297 103 320 78 350 134 156 330 67 28 270 162 194 356 441 392 18 389 265 271 318 230 89 417 279 376 354 256 206 155 211 305 58 207 188 275 80 222 199 76 39 310 390 160 346 434 166 349 290 247 397 149 358 81 75 278 405 51 6 262 214 145 142 45 408 439 311 130 410 57 235 123 157 164 21 343 13 185 384 437 294 221 338 404 436 299 272 147 82 117 88 329 312 333 79 274 169 74 352 102 433 300 109 140 370 105 266 26 366 415 121 339 357 371 233 243 351 24 152 16 341 369 328 263 92 22 347 203 322 53 324 197 428 68 198 383 316 296 43 326 172 177 150 289 407 182 228 8 3 72 368 176 234 399 332 244 205 127 295 175 135 138 257 396 116 70 65 52 401 77 411 98 242 288 217
392 199
137 29
68 240
106 163
203 248
77 120
438 151
340 308
277 104
20 353
110 362
111 84
249 103
390 29
270 30
180 266
171 162
306 418
236 72
60 8
231 440
306 374
395 233
171 365
290 349
398 147
327 215
24 149
119 194
9 8
282 319
401 304
30 204
410 84
28 429
6 128
342 72
157 100
283 112
317 397
431 7
357 83
381 111
67 74
396 119
386 307
408 359
111 57
286 393
177 229
223 286
167 92
359 118
231 65
99 240
297 300
343 97
216 135
315 257
329 190
167 347
35 126
439 440
306 148
263 401
193 173
351 161
387 162
145 246
75 314
312 101
96 219
241 191
15 415
437 341
406 71
153 232
22 372
89 350
179 277
26 241
102 226
13 272
256 148
285 253
236 26
138 50
336 133
338 88
165 29
101 349
48 66
61 199
271 281
102 375
322 269
340 357
328 56
58 116
173 288
102 396
437 404
97 254
348 88
31 210
174 405
296 339
293 427
293 150
294 295
119 154
76 19
248 360
366 82
122 55
324 423
304 302
325 296
442 198
335 248
261 215
236 345
11 398
330 353
47 388
333 351
126 102
73 339
305 170
246 432
123 133
260 322
408 302
441 409
359 29
22 441
215 398
131 303
331 151
403 81
155 412
340 53
378 373
364 136
203 152
336 435
30 380
54 319
156 240
4 80
287 217
235 323
15 180
143 359
9 124
66 105
315 365
313 331
159 127
141 87
376 9
235 294
51 306
139 121
172 356
152 384
172 111
389 122
105 317
187 438
399 234
100 68
169 322
221 192
80 243
324 131
361 159
253 376
350 55
240 302
437 399
402 64
48 159
12 203
160 131
173 160
429 106
276 260
263 386
416 264
31 437
19 368
149 260
329 308
441 116
191 361
348 131
426 395
349 44
96 74
129 206
419 381
54 25
43 162
149 66
138 306
57 160
303 189
345 326
243 173
381 378
349 94
285 205
135 195
138 222
61 290
317 56
29 416
234 289
142 100
251 173
98 81
184 114
22 149
329 68
197 128
139 114
421 239
212 371
75 93
8 163
18 200
111 175
82 326
328 145
219 250
198 97
327 25
47 351
75 336
248 119
111 386
49 292
97 234
418 55
247 205
311 410
215 23
374 259
290 160
191 403
367 224
146 268
240 157
258 147
35 41
359 106
218 32
107 279
138 296
431 103
350 215
16 7
162 424
252 393
394 164
348 41
386 431
220 124
440 128
404 303
440 40
290 406
57 442
129 125
192 156
432 224
41 129
254 358
139 390
177 139
30 227
274 418
57 29
310 36
350 148
275 431
213 113
381 82
200 263
214 346
436 91
205 137
226 104
396 152
171 246
39 27
442 95
162 333
405 65
189 187
307 127
207 102
378 83
215 281
206 282
276 245
267 327
425 217
322 87
172 292
280 412
240 321
153 17
212 428
171 196
388 241
177 408
311 402
246 232
390 345
404 26
411 114
297 384
174 29
339 64
344 225
102 306
88 272
356 328
85 216
57 310
394 434
253 109
369 394
148 407
9 311
333 313
103 347
427 381
52 349
407 35
143 405
117 434
158 30
441 432
330 441
299 316
287 145
368 205
323 404
260 263
79 418
11 152
60 142
392 121
63 152
276 287
126 166
119 427
310 239
5 345
181 403
294 11
72 328
17 381
395 97
387 46
176 407
169 84
398 274
398 35
131 283
409 167
277 176
258 301
233 132
250 440
58 224
294 342
191 175
85 156
303 210
25 106
421 174
390 8
250 390
118 329
360 375
1 418
302 175
176 1
15 306
168 254
257 19
120 95
115 58
26 139
132 233
333 211
25 77
8 321
335 416
38 180
363 422
291 231
431 240
313 350
181 323
141 358
377 41
379 287
305 343
395 406
339 248
197 93
255 22
141 121
426 85
141 428
199 99
429 386
255 165
51 376
310 290
127 369
422 298
297 347
305 35
373 157
49 352
428 154
331 170
323 429
413 187
155 346
438 278
58 125
418 337
229 211
362 269
216 36
51 299
161 57
140 27
439 190
98 217
104 198
416 212
45 195
273 435
434 359
23 93
178 145
415 313
77 36
310 359
288 145
369 169
167 227
199 214
298 135
138 230
117 399
188 391
206 42
57 23
194 221
130 221
53 109
215 92
73 70
360 180
80 420
335 45
129 74
385 77
414 147
319 28
373 433
264 186
210 358
67 329
9 233
12 102
365 244
32 361
389 69
41 30
76 265
45 250
305 412
33 326
387 72
309 71
54 104
47 306
203 119
176 12
167 55
87 33
63 339
297 61
147 192
347 384
174 201
303 240
171 36
193 220
66 324
289 398
438 18
99 347
435 49
80 53
263 122
279 155
202 237
344 406
129 349
436 118
95 330
64 255
153 356
146 420
161 101
77 238
257 350
365 411
126 404
96 290
416 21
227 28
345 65
303 169
429 163
355 389
129 78
424 51
283 188
260 441
110 273
209 206
147 36
282 394
356 10
363 326
307 398
144 205
309 85
326 344
399 225
439 209
428 60
190 198
166 281
169 50
118 221
307 313
159 82
214 160
266 324
410 335
434 119
380 56
9 74
440 392
142 112
73 66
256 300
1 336
263 108
395 164
50 247
185 38
65 8
227 232
126 123
340 233
264 209
236 306
144 394
67 342
427 304
316 377
225 322
345 91
441 434
345 341
32 70
67 101
140 2
331 145
25 250
10 438
32 41
260 334
171 407
258 261
53 351
422 225
28 3
266 329
164 342
368 216
191 314
419 265
17 420
153 218
376 172
265 18
3 432
317 151
67 113
289 367
278 430
114 289
367 359
390 135
194 64
224 408
239 127
226 325
391 334
24 362
323 227
139 406
419 400
347 424
344 211
315 256
344 388
20 369
100 144
324 389
401 127
357 346
162 135
394 39
126 327
371 4
47 260
375 320
14 86
103 358
340 54
340 135
126 290
146 54
29 338
334 418
125 64
221 149
43 300
366 119
385 151
362 4
73 277
123 74
416 250
268 33
257 110
210 111
417 54
258 127
20 405
407 275
204 181
420 1
230 16
134 44
132 308
134 79
436 325
36 221
237 432
45 223
196 350
352 221
245 108
20 329
332 175
248 200
352 363
276 80
367 31
301 434
433 306
242 267
17 257
269 48
272 384
225 132
368 261
294 370
387 209
102 21
436 441
206 383
404 406
6 224
131 6
115 79
376 383
402 268
187 176
41 3
55 278
88 58
382 365
1 278
112 357
90 17
91 272
366 352
113 293
180 193
216 142
182 397
90 296
210 56
208 317
75 17
6 411
184 369
5 300
31 14
364 427
309 401
254 441
322 388
103 400
278 393
439 18
258 342
210 36
114 87
351 275
228 402
64 153
384 320
190 336
287 296
147 207
109 192
388 134
322 296
379 375
377 393
128 374
230 251
397 34
249 216
138 362
301 137
38 192
336 42
12 397
185 270
312 173
38 44
175 331
234 345
55 354
210 241
133 314
27 382
25 272
168 157
16 370
205 260
120 202
48 46
360 290
260 167
287 371
347 5
313 4
25 425
239 293
236 168
8 322
167 63
353 232
78 326
97 134
284 406
13 94
418 56
305 161
5 177
144 157
110 118
428 420
293 291
64 38
311 18
171 108
125 159
245 260
387 425
2 304
28 113
193 381
312 37
215 208
217 208
157 16
13 143
230 191
375 10
344 300
337 344
374 80
432 51
295 271
129 262
302 69
144 140
190 168
121 223
258 403
419 22
197 325
44 10
299 251
232 242
282 371
340 359
321 239
231 79
272 202
284 238
129 71
143 231
147 13
371 191
153 31
388 318
398 97
143 255
8 189
282 284
376 305
442 121
100 366
260 24
273 13
415 152
182 22
248 49
331 149
370 309
93 413
300 6
396 50
158 373
16 328
343 333
6 337
186 205
142 201
134 169
346 413
214 156
216 138
331 95
286 246
75 28
293 215
141 374
355 349
11 186
223 338
162 411
69 282
175 118
214 198
107 17
176 231
137 289
344 120
39 129
289 57
183 221
61 53
280 301
46 375
241 298
385 186
84 174
7 238
223 188
126 209
298 122
7 249
8 116
120 41
96 160
333 236
184 349
287 369
221 257
179 285
240 209
83 39
405 20
320 376
333 201
350 167
29 257
439 381
227 422
421 312
420 149
42 30
180 162
295 421
397 21
402 44
226 190
270 10
11 84
116 119
147 268
395 106
360 183
274 5
436 242
246 390
383 109
236 261
404 184
257 2
295 395
104 332
263 373
327 135
45 190
319 23
6 5
171 426
265 341
2 371
302 305
76 433
166 61
442 354
43 54
114 34
81 436
266 144
248 97
64 299
233 5
109 106
160 164
203 153
398 226
91 218
215 236
417 387
272 366
56 375
435 233
106 144
162 348
315 404
147 302
321 85
209 320
111 379
270 202
166 146
271 69
376 319
282 129
407 14
247 287
199 342
203 167
242 310
151 43
383 354
401 296
299 336
151 23
375 287
97 106
3 38
306 292
52 259
40 413
288 437
125 35
16 253
139 332
274 17
374 155
113 259
218 241
25 178
396 365
407 147
302 312
81 381
440 167
149 414
157 365
145 285
17 318
124 161
56 140
266 441
344 331
279 425
400 309
314 40
155 309
59 217
46 12
4 87
419 30
367 175
272 81
98 242
162 442
247 430
47 119
431 333
425 319
56 60
393 127
191 160
400 255
167 88
23 307
21 413
418 29
387 21
36 129
330 187
227 270
432 366
50 41
328 122
54 120
71 430
194 78
176 132
234 298
235 343
99 29
328 80
318 401
57 347
42 411
110 210
327 417
204 26
236 102
118 385
22 96
236 357
206 237
183 350
10 36
283 390
359 263
148 101
115 439
220 429
17 396
65 229
337 243
52 326
417 225
334 164
249 66
244 183
370 46
140 354
104 260
18 115
329 37
223 351
53 324
220 441
190 417
177 304
361 229
306 111
390 327
355 333
20 223
230 42
105 214
178 60
223 61
410 397
123 60
109 4
118 5
221 247
261 32
174 373
109 296
366 2
166 20
377 253
297 202
135 56
325 175
440 252
140 405
140 393
121 144
94 315
405 100
144 123
297 149
148 279
118 160
355 305
409 441
411 352
255 287
78 27
283 350
296 8
314 89
262 314
191 71
100 134
326 420
344 257
211 405
45 133
228 69
420 347
3 239
364 33
330 199
3 14
96 378
115 242
277 246
358 229
59 68
118 72
3 312
429 396
220 119
1 345
429 222
346 118
100 351
72 267
295 300
220 41
326 276
270 382
139 116
253 258
87 212
359 398
291 175
21 279
289 74
125 145
313 345
410 438
152 172
437 85
80 396
74 420
30 379
407 33
364 43
209 63
431 225
110 366
130 430
133 125
375 291
138 244
323 385
79 288
352 427
238 61
109 78
321 337
349 300
293 14
420 170
128 13
215 138
341 251
129 93
378 3
349 348
371 34
64 120
355 229
295 83
74 42
334 308
210 191
90 246
116 249
338 349
29 240
150 396
60 367
95 342
393 129
202 125
72 234
193 233
77 200
351 113
