270 540
220 330 219 460 580 459 748 892 747 1088 1258 1088 1332 1454 1332 1676 1848 1676 1896 2006 1897 2236 2406 2237 2408 2494 2409 2660 2786 2785 2920 3050 3049 3076 3154 3153 3252 3340 3340 3372 3432 3432 3732 3912 3912 3756 3768 3769 4144 4338 4339 4256 4312 4313 4412 4490 4450 4604 4700 4651 4924 5084 5003 5252 5416 5334 5464 5570 5517 5656 5752 5704 5884 5998 5942 6044 6124 6085 6416 6602 6510 6752 6920 6751 6784 6800 6783 6920 6988 6919 6956 6974 6956 7216 7346 7216 7228 7234 7228 7376 7450 7377 7712 7880 7713 8096 8288 8097 8408 8564 8563 8468 8498 8497 8820 8996 8995 9172 9348 9348 9564 9760 9760 9756 9852 9852 10076 10236 10237 10400 10562 10563 10588 10682 10683 10800 10906 10799 11116 11274 11115 11388 11524 11387 11436 11460 11436 11728 11874 11728 11984 12112 11984 12220 12338 12221 12280 12310 12281 12496 12604 12497 12876 13066 13065 13180 13332 13331 13392 13498 13497 13436 13458 13458 13604 13688 13688 13796 13892 13892 13904 13958 13959 13980 14018 14019 14292 14448 14449 14588 14736 14661 14772 14864 14817 14860 14904 14881 15088 15202 15145 15144 15172 15158 15152 15156 15154 15284 15350 15318 15532 15656 15595 15592 15622 15608 15840 15964 15839 15932 15978 15931 16180 16304 16179 16336 16414 16336 16716 16906 16716 17080 17262 17080 17356 17494 17357 17536 17626 17537 17680 17752 17681 17928 18052 18051 18104 18192 18191 18468 18650 18649 18748 18888 18888 18788 18808 18808 18816 18830 18830 19204 19398 19399 19472 19606 19607 19736 19868 19869
220 330 329 460 580 580 748 892 893 1088 1258 1257 1332 1454 1454 1676 1848 1849 1896 2006 2005 2236 2406 2406 2408 2494 2495 2660 2786 2785 2920 3050 3050 3076 3154 3155 3252 3340 3339 3372 3432 3432 3732 3912 3913 3756 3768 3767 4144 4338 4338 4256 4312 4313 4412 4490 4450 4604 4700 4652 4924 5084 5005 5252 5416 5333 5464 5570 5517 5656 5752 5705 5884 5998 5940 6044 6124 6084 6416 6602 6510 6752 6920 6751 6784 6800 6784 6920 6988 6921 6956 6974 6955 7216 7346 7216 7228 7234 7229 7376 7450 7375 7712 7880 7712 8096 8288 8097 8408 8564 8407 8468 8498 8468 8820 8996 8821 9172 9348 9171 9564 9760 9564 9756 9852 9757 10076 10236 10075 10400 10562 10400 10588 10682 10589 10906 10800 10905 11274 11116 11274 11524 11388 11525 11460 11436 11459 11874 11728 11874 12112 11984 12113 12338 12220 12337 12310 12280 12310 12604 12496 12605 13066 12876 13065 13332 13180 13332 13498 13392 13499 13458 13436 13457 13688 13604 13688 13892 13796 13893 13958 13904 13957 14018 13980 14018 14448 14292 14449 14736 14588 14661 14864 14772 14818 14904 14860 14883 15202 15088 15144 15172 15144 15158 15156 15152 15155 15350 15284 15316 15656 15532 15594 15622 15592 15608 15964 15840 15839 15978 15932 15932 16304 16180 16181 16414 16336 16335 16906 16716 16716 17262 17080 17081 17494 17356 17355 17626 17536 17536 17752 17680 17681 18052 17928 17927 18192 18104 18104 18650 18468 18469 18888 18748 18747 18808 18788 18788 18830 18816 18817 19398 19204 19203 19606 19472 19472 19868 19736 19737
1 2
1 3
2 1
2 3
3 1
3 2
4 5
4 6
5 4
5 6
6 4
6 5
7 8
7 9
8 7
8 9
9 7
9 8
10 11
10 12
11 10
11 12
12 10
12 11
13 14
13 15
14 13
14 15
15 13
15 14
16 17
16 18
17 16
17 18
18 16
18 17
19 20
19 21
20 19
20 21
21 19
21 20
22 23
22 24
23 22
23 24
24 22
24 23
25 26
25 27
26 25
26 27
27 25
27 26
28 29
28 30
29 28
29 30
30 28
30 29
31 32
31 33
32 31
32 33
33 31
33 32
34 35
34 36
35 34
35 36
36 34
36 35
37 38
37 39
38 37
38 39
39 37
39 38
40 41
40 42
41 40
41 42
42 40
42 41
43 44
43 45
44 43
44 45
45 43
45 44
46 47
46 48
47 46
47 48
48 46
48 47
49 50
49 51
50 49
50 51
51 49
51 50
52 53
52 54
53 52
53 54
54 52
54 53
55 56
55 57
56 55
56 57
57 55
57 56
58 59
58 60
59 58
59 60
60 58
60 59
61 62
61 63
62 61
62 63
63 61
63 62
64 65
64 66
65 64
65 66
66 64
66 65
67 68
67 69
68 67
68 69
69 67
69 68
70 71
70 72
71 70
71 72
72 70
72 71
73 74
73 75
74 73
74 75
75 73
75 74
76 77
76 78
77 76
77 78
78 76
78 77
79 80
79 81
80 79
80 81
81 79
81 80
82 83
82 84
83 82
83 84
84 82
84 83
85 86
85 87
86 85
86 87
87 85
87 86
88 89
88 90
89 88
89 90
90 88
90 89
91 92
91 93
92 91
92 93
93 91
93 92
94 95
94 96
95 94
95 96
96 94
96 95
97 98
97 99
98 97
98 99
99 97
99 98
100 101
100 102
101 100
101 102
102 100
102 101
103 104
103 105
104 103
104 105
105 103
105 104
106 107
106 108
107 106
107 108
108 106
108 107
109 110
109 111
110 109
110 111
111 109
111 110
112 113
112 114
113 112
113 114
114 112
114 113
115 116
115 117
116 115
116 117
117 115
117 116
118 119
118 120
119 118
119 120
120 118
120 119
121 122
121 123
122 121
122 123
123 121
123 122
124 125
124 126
125 124
125 126
126 124
126 125
127 128
127 129
128 127
128 129
129 127
129 128
130 131
130 132
131 130
131 132
132 130
132 131
133 134
133 135
134 133
134 135
135 133
135 134
136 137
136 138
137 136
137 138
138 136
138 137
139 140
139 141
140 139
140 141
141 139
141 140
142 143
142 144
143 142
143 144
144 142
144 143
145 146
145 147
146 145
146 147
147 145
147 146
148 149
148 150
149 148
149 150
150 148
150 149
151 152
151 153
152 151
152 153
153 151
153 152
154 155
154 156
155 154
155 156
156 154
156 155
157 158
157 159
158 157
158 159
159 157
159 158
160 161
160 162
161 160
161 162
162 160
162 161
163 164
163 165
164 163
164 165
165 163
165 164
166 167
166 168
167 166
167 168
168 166
168 167
169 170
169 171
170 169
170 171
171 169
171 170
172 173
172 174
173 172
173 174
174 172
174 173
175 176
175 177
176 175
176 177
177 175
177 176
178 179
178 180
179 178
179 180
180 178
180 179
181 182
181 183
182 181
182 183
183 181
183 182
184 185
184 186
185 184
185 186
186 184
186 185
187 188
187 189
188 187
188 189
189 187
189 188
190 191
190 192
191 190
191 192
192 190
192 191
193 194
193 195
194 193
194 195
195 193
195 194
196 197
196 198
197 196
197 198
198 196
198 197
199 200
199 201
200 199
200 201
201 199
201 200
202 203
202 204
203 202
203 204
204 202
204 203
205 206
205 207
206 205
206 207
207 205
207 206
208 209
208 210
209 208
209 210
210 208
210 209
211 212
211 213
212 211
212 213
213 211
213 212
214 215
214 216
215 214
215 216
216 214
216 215
217 218
217 219
218 217
218 219
219 217
219 218
220 221
220 222
221 220
221 222
222 220
222 221
223 224
223 225
224 223
224 225
225 223
225 224
226 227
226 228
227 226
227 228
228 226
228 227
229 230
229 231
230 229
230 231
231 229
231 230
232 233
232 234
233 232
233 234
234 232
234 233
235 236
235 237
236 235
236 237
237 235
237 236
238 239
238 240
239 238
239 240
240 238
240 239
241 242
241 243
242 241
242 243
243 241
243 242
244 245
244 246
245 244
245 246
246 244
246 245
247 248
247 249
248 247
248 249
249 247
249 248
250 251
250 252
251 250
251 252
252 250
252 251
253 254
253 255
254 253
254 255
255 253
255 254
256 257
256 258
257 256
257 258
258 256
258 257
259 260
259 261
260 259
260 261
261 259
261 260
262 263
262 264
263 262
263 264
264 262
264 263
265 266
265 267
266 265
266 267
267 265
267 266
268 269
268 270
269 268
269 270
270 268
270 269
