221
221
221
221
221
221
241
241
241
241
241
241
290
290
290
290
290
290
340
340
340
319
340
319
244
244
244
244
244
244
345
345
345
268
345
268
220
206
220
220
206
220
340
340
340
173
340
173
173
92
173
173
92
173
252
252
252
252
252
252
260
260
260
53
260
53
157
157
157
157
157
157
176
176
176
65
176
65
120
120
120
120
120
120
360
361
360
289
361
289
25
25
25
25
25
25
388
389
388
51
389
51
114
114
114
52
114
52
156
156
156
156
156
156
192
192
192
192
192
192
320
320
320
320
320
320
328
328
328
261
328
261
212
202
212
212
202
212
192
192
192
192
192
192
228
228
228
206
228
206
160
160
160
160
160
160
372
372
372
372
372
372
336
65
336
338
65
338
33
33
33
33
33
33
136
2
136
136
2
136
37
37
37
37
37
37
260
24
260
260
24
260
12
12
12
12
12
12
149
61
149
149
61
149
336
336
336
336
336
336
384
384
384
384
384
384
312
216
312
223
216
223
60
60
60
60
60
60
352
352
352
352
352
352
353
353
353
353
353
353
392
388
392
200
388
200
192
100
192
187
100
187
322
322
322
322
322
322
325
325
325
214
325
214
189
148
189
189
148
189
213
213
213
213
213
213
317
317
317
317
317
317
272
114
272
274
114
274
48
48
48
48
48
48
292
292
292
292
292
292
257
257
257
257
257
257
236
88
236
234
88
234
60
60
60
60
60
60
217
217
217
217
217
217
380
380
380
380
380
380
304
304
304
304
304
304
212
146
212
147
146
147
44
44
44
44
44
44
168
168
168
168
168
168
193
174
193
174
174
174
109
109
109
109
109
109
77
77
77
77
77
77
314
314
314
314
314
314
296
296
296
296
296
296
184
174
184
175
174
175
88
88
88
88
88
88
228
115
228
113
115
113
56
30
56
30
30
30
8
8
8
8
8
8
132
132
132
132
132
132
248
125
248
123
125
123
60
44
60
43
44
43
248
217
248
218
217
218
93
93
93
93
93
93
249
249
249
249
249
249
157
157
157
157
157
157
380
380
380
380
380
380
364
364
364
364
364
364
277
277
277
277
277
277
180
180
180
180
180
180
144
144
144
144
144
144
249
249
249
249
249
249
176
176
176
176
176
176
364
364
364
364
364
364
280
281
280
121
281
121
40
40
40
40
40
40
28
28
28
28
28
28
390
390
390
390
390
390
269
269
269
269
269
269
265
265
265
265
265
265
