17 63 13 50
13 8 81
7 17 21
14 15 8
17 15 27
17 14 74
16 14 22
14 16 87
15 4 49
6 1 12
8 11 84
1 9 47
13 3 72
17 15 3
14 4 32
15 10 69
2 11 53
7 11 59
1 11 85
14 13 76
14 9 69
8 12 50
16 14 85
3 2 76
10 14 6
13 11 39
14 11 8
4 13 34
14 9 73
9 3 47
13 14 14
17 12 18
2 9 44
7 2 71
11 14 54
3 9 69
8 13 12
17 11 85
16 4 41
11 13 5
9 16 90
6 13 64
14 13 22
17 1 80
2 8 49
15 17 51
16 15 55
8 15 41
8 4 83
4 12 67
12 10 45
4 17 61
5 15 6
9 16 90
3 16 17
11 13 87
1 16 23
14 13 31
14 15 45
8 10 48
4 8 10
15 2 31
9 5 19
14 13 55
2 5 6 7 8 9 11 12 13 14 15 16 17
