17 119 13 50
2 12 52
15 16 50
4 5 10
2 14 14
16 8 21
13 17 77
14 11 90
1 15 59
7 4 72
7 8 4
2 7 30
12 4 82
4 16 3
15 3 29
12 15 90
6 9 6
3 12 30
1 14 17
5 13 67
2 5 58
12 14 47
12 2 39
5 8 18
4 1 84
11 15 50
12 2 16
6 7 50
6 16 26
7 12 4
2 9 70
2 7 41
8 11 24
10 6 37
12 4 51
11 5 84
17 15 8
14 5 40
2 8 70
7 1 5
3 7 7
7 5 21
13 3 52
12 2 31
14 4 76
16 12 35
10 6 60
6 7 48
12 7 34
16 14 37
8 9 34
2 12 7
12 4 11
9 2 8
3 13 26
2 12 27
2 8 50
4 7 78
7 3 84
2 4 28
8 7 9
7 12 32
17 9 67
15 6 48
1 10 87
7 12 70
2 16 21
13 9 39
16 6 4
14 3 74
16 5 2
15 5 22
10 8 64
1 6 68
13 16 75
11 4 86
5 16 34
9 5 47
3 14 25
5 6 60
9 2 26
2 12 41
8 15 43
1 6 23
9 13 64
7 9 83
11 9 50
10 9 56
12 5 89
14 8 19
4 1 21
12 3 25
9 14 46
2 10 45
6 15 77
2 14 72
6 5 33
6 8 74
17 7 3
3 6 76
14 2 66
2 6 58
14 2 48
4 3 49
17 3 55
2 7 48
3 12 30
3 2 44
17 4 7
8 15 63
4 14 10
9 4 17
14 12 66
9 17 49
8 12 21
10 3 87
7 14 37
12 3 68
15 3 35
3 7 26
2 3 4 5 6 7 9 10 11 12 13 15 17
