17 120 13 50
14 4 26
12 11 40
9 12 54
3 14 58
5 12 48
11 10 69
9 5 55
3 9 2
4 9 5
4 14 76
4 9 89
16 7 63
9 14 42
2 7 9
13 14 6
4 9 68
11 4 86
13 5 12
13 9 86
9 11 73
12 9 79
5 14 85
15 10 83
11 14 70
1 2 72
10 14 70
10 3 43
14 4 74
5 14 74
11 8 76
6 1 87
9 12 72
10 9 82
3 4 14
14 8 3
4 5 61
11 4 69
11 5 44
12 13 11
9 4 32
12 10 66
3 2 54
2 9 27
13 5 70
14 9 43
8 9 26
6 16 47
12 2 26
11 5 13
14 1 88
12 7 61
4 12 13
3 16 5
15 4 89
13 11 59
16 2 29
5 17 37
13 3 28
8 13 89
9 4 27
11 7 80
13 9 8
3 5 2
6 10 83
14 10 69
12 8 14
15 9 11
12 1 66
12 13 37
12 13 20
14 12 45
11 13 76
11 14 47
2 13 24
2 14 58
5 4 5
15 11 5
11 12 37
2 5 60
13 17 45
4 13 28
3 2 47
12 16 24
10 14 87
6 14 51
9 12 25
12 10 52
3 15 13
13 10 28
12 9 51
7 14 28
2 17 37
4 5 39
6 9 20
9 12 12
14 9 55
5 6 63
13 9 2
10 16 15
5 14 48
3 17 18
12 4 4
12 6 49
8 13 29
15 10 90
4 11 82
7 16 61
13 4 38
11 14 65
2 12 45
11 1 71
9 11 73
9 3 78
4 3 78
5 2 84
10 12 66
15 16 55
12 6 37
15 12 90
16 9 41
2 3 4 5 6 7 9 10 11 12 13 14 17
