17 134 13 50
13 17 33
11 10 17
14 8 31
16 2 21
6 14 65
13 2 2
17 13 46
5 6 14
5 13 76
2 16 67
9 7 14
17 12 83
8 9 42
10 4 50
7 10 62
12 10 76
2 5 38
6 3 65
13 16 59
16 14 87
13 2 33
16 12 29
9 12 18
2 8 66
2 12 34
2 12 35
2 12 86
2 6 20
2 17 16
6 8 78
13 1 10
17 12 88
14 6 47
10 8 68
5 16 65
10 5 58
10 5 63
16 5 49
4 2 87
5 17 35
16 11 89
17 11 19
3 7 74
16 2 49
1 6 1
6 10 82
13 15 22
12 10 61
12 2 35
4 7 61
5 2 17
1 11 79
7 6 15
6 5 64
6 2 71
9 8 61
9 16 21
13 12 78
11 13 55
2 7 80
9 8 30
2 16 78
6 5 70
13 12 60
13 12 12
8 10 65
7 15 23
17 13 53
9 17 86
5 4 71
8 4 74
8 1 51
13 5 47
6 2 8
15 11 66
4 5 8
5 2 55
2 1 36
5 2 21
9 14 35
14 12 8
8 10 82
9 16 54
5 12 29
9 13 43
10 2 74
14 6 63
14 7 13
2 5 86
17 1 20
13 11 44
6 12 42
6 16 26
2 4 82
17 10 25
11 4 62
14 2 89
13 3 11
14 8 21
8 2 65
10 5 60
8 10 16
10 5 30
8 15 72
13 5 77
13 4 83
3 5 19
9 15 85
3 12 86
5 2 42
12 3 23
12 2 46
3 6 24
17 10 81
12 10 57
3 11 2
10 12 47
13 8 15
5 8 88
12 2 44
16 6 38
12 7 36
14 13 41
4 16 42
8 16 31
1 4 5
1 2 47
15 13 64
2 17 48
10 15 25
16 12 15
13 17 74
2 3 56
11 9 66
2 3 4 5 6 7 8 9 10 11 14 15 17
