17 59 13 50
9 5 26
4 14 63
3 7 63
2 4 51
2 8 63
1 11 27
15 17 11
10 9 1
15 1 41
4 16 52
14 16 1
15 2 27
2 15 65
8 11 66
8 7 40
2 11 84
3 14 54
14 7 7
2 5 64
5 10 18
10 17 4
11 2 16
7 14 60
15 14 64
15 16 39
15 6 69
15 3 90
7 14 86
15 14 57
6 9 46
16 4 30
6 5 5
17 12 13
2 12 15
16 7 25
4 12 56
16 14 57
2 4 17
13 2 5
6 16 62
7 3 47
9 16 19
14 15 20
14 7 50
2 7 51
12 7 51
7 2 66
2 7 30
16 5 80
5 1 85
17 12 83
8 4 41
3 14 6
7 12 85
12 8 44
16 2 4
2 1 6
5 10 13
14 7 40
2 4 5 6 7 9 10 11 12 13 15 16 17
