17 89 13 50
15 13 51
16 17 31
3 16 33
10 6 56
5 3 47
7 2 52
7 17 60
7 10 26
15 10 54
12 15 17
15 5 40
15 3 75
4 11 10
5 8 21
7 10 15
3 17 44
14 4 83
9 1 1
10 15 39
9 2 55
7 17 19
15 4 66
11 15 60
12 13 20
7 2 56
3 7 37
11 15 39
16 17 82
11 17 59
16 11 33
16 11 35
5 3 36
3 2 70
3 13 22
16 3 58
16 7 75
8 16 4
17 16 27
6 11 51
17 6 5
13 1 62
15 10 44
6 13 24
9 5 49
11 12 90
13 4 38
4 5 83
12 7 67
6 10 16
12 6 28
3 2 40
17 7 85
6 5 23
16 10 4
5 4 11
16 17 34
14 3 60
11 13 88
17 2 8
11 15 20
12 17 60
13 7 28
16 17 26
15 6 9
11 3 69
16 17 9
14 2 9
11 4 2
16 8 72
5 2 41
14 2 35
9 15 36
1 3 82
16 17 20
12 7 41
3 6 14
13 11 4
9 15 74
12 2 74
6 15 29
17 16 51
1 12 67
17 16 45
11 14 47
16 2 10
14 5 27
16 7 6
17 6 30
12 5 2
2 3 4 6 7 8 9 10 11 12 14 16 17
