4624 68
31 -1
24 -1
8 -1
-1 30
65 -1
38 -1
9 -1
-1 15
68 -1
29 -1
17 -1
43 -1
65 -1
-1 30
-1 9
17 -1
-1 8
11 -1
41 -1
56 -1
-1 57
37 -1
-1 41
11 -1
61 -1
-1 3
-1 43
40 -1
50 -1
-1 36
22 -1
-1 66
-1 64
37 -1
-1 61
33 -1
39 -1
54 -1
44 -1
47 -1
11 -1
61 -1
43 -1
-1 12
34 -1
50 -1
20 -1
-1 53
-1 34
-1 36
-1 62
35 -1
62 -1
-1 16
-1 43
45 -1
-1 20
-1 54
-1 46
-1 45
34 -1
-1 26
-1 21
-1 63
24 -1
30 -1
-1 24
-1 25
51 -1
33 -1
-1 32
40 -1
-1 60
59 -1
-1 48
13 -1
-1 8
10 -1
-1 43
51 -1
29 -1
-1 7
-1 64
16 -1
-1 25
61 -1
-1 63
-1 56
65 -1
-1 58
59 -1
63 -1
-1 12
-1 38
-1 32
57 -1
48 -1
38 -1
20 -1
-1 15
44 -1
57 -1
-1 52
24 -1
26 -1
-1 40
15 -1
-1 27
61 -1
-1 30
6 -1
-1 60
57 -1
30 -1
-1 45
-1 49
11 -1
17 -1
63 -1
-1 34
-1 59
54 -1
30 -1
-1 67
17 -1
19 -1
18 -1
-1 15
-1 65
-1 18
-1 38
-1 21
-1 57
-1 20
-1 15
-1 50
6 -1
-1 29
-1 11
-1 59
29 -1
26 -1
-1 64
16 -1
67 -1
39 -1
-1 54
30 -1
-1 50
-1 61
-1 22
31 -1
-1 9
67 -1
-1 24
7 -1
11 -1
-1 61
-1 43
48 -1
45 -1
-1 17
-1 42
-1 4
-1 8
65 -1
-1 11
-1 15
-1 39
-1 61
-1 32
65 -1
-1 58
50 -1
-1 51
16 -1
13 -1
-1 66
5 -1
-1 10
9 -1
55 -1
-1 1
-1 27
-1 11
-1 29
-1 10
50 -1
-1 23
48 -1
-1 11
54 -1
12 -1
-1 8
29 -1
51 -1
60 -1
54 -1
35 -1
-1 19
-1 42
64 -1
-1 20
67 -1
-1 31
61 -1
7 -1
47 -1
-1 12
64 -1
-1 2
-1 53
-1 50
33 -1
-1 34
25 -1
1 -1
-1 2
-1 54
30 -1
4 -1
-1 53
-1 7
15 -1
2 -1
56 -1
-1 41
-1 50
66 -1
-1 62
-1 62
5 -1
-1 30
-1 29
43 -1
31 -1
-1 34
12 -1
-1 61
-1 26
-1 45
-1 28
55 -1
-1 68
51 -1
60 -1
-1 37
-1 44
5 -1
-1 30
-1 63
-1 16
-1 49
-1 39
17 -1
56 -1
50 -1
64 -1
-1 4
-1 42
49 -1
-1 37
3 -1
68 -1
68 -1
42 -1
-1 36
6 -1
14 -1
30 -1
30 -1
59 -1
32 -1
-1 63
-1 66
-1 54
46 -1
60 -1
1 -1
-1 35
-1 47
29 -1
-1 63
-1 48
25 -1
-1 14
-1 24
52 -1
34 -1
66 -1
-1 65
18 -1
20 -1
44 -1
34 -1
18 -1
-1 18
-1 14
-1 56
50 -1
11 -1
31 -1
65 -1
-1 41
-1 2
4 -1
-1 48
28 -1
-1 53
55 -1
19 -1
-1 40
-1 33
8 -1
45 -1
-1 47
52 -1
58 -1
51 -1
27 -1
44 -1
67 -1
-1 15
64 -1
53 -1
-1 5
58 -1
60 -1
37 -1
-1 46
12 -1
-1 36
-1 19
64 -1
-1 43
37 -1
1 -1
-1 25
-1 13
-1 4
-1 1
-1 9
-1 63
27 -1
25 -1
-1 38
-1 17
-1 43
-1 5
-1 20
-1 57
-1 47
-1 60
-1 10
-1 17
-1 45
-1 15
-1 2
14 -1
-1 7
-1 18
35 -1
65 -1
7 -1
-1 19
25 -1
7 -1
34 -1
-1 62
-1 59
-1 10
26 -1
1 -1
37 -1
-1 32
-1 26
-1 31
-1 43
-1 44
-1 2
65 -1
59 -1
10 -1
-1 44
-1 10
46 -1
-1 16
18 -1
-1 27
-1 66
-1 28
-1 59
-1 15
-1 6
-1 41
-1 52
-1 19
14 -1
-1 17
36 -1
6 -1
66 -1
5 -1
40 -1
-1 51
-1 66
-1 61
68 -1
-1 30
-1 29
-1 1
-1 17
-1 56
27 -1
-1 49
54 -1
8 -1
-1 39
41 -1
-1 40
-1 19
38 -1
-1 64
14 -1
-1 26
-1 56
-1 1
-1 30
-1 59
-1 14
4 -1
68 -1
-1 11
30 -1
46 -1
-1 3
15 -1
-1 20
-1 61
-1 54
59 -1
7 -1
5 -1
3 -1
-1 51
-1 1
23 -1
3 -1
-1 37
-1 7
10 -1
63 -1
61 -1
-1 19
-1 57
16 -1
-1 31
44 -1
-1 1
18 -1
-1 30
55 -1
-1 62
-1 33
52 -1
68 -1
-1 27
20 -1
26 -1
21 -1
-1 44
47 -1
26 -1
9 -1
-1 40
47 -1
-1 27
-1 64
42 -1
-1 27
-1 64
-1 44
-1 11
68 -1
-1 53
4 -1
-1 46
32 -1
18 -1
-1 57
-1 46
5 -1
1 -1
3 -1
-1 25
35 -1
-1 4
1 -1
-1 49
-1 62
-1 49
1 -1
-1 3
-1 20
44 -1
-1 31
63 -1
-1 64
51 -1
-1 63
-1 52
-1 45
-1 10
-1 52
-1 45
18 -1
-1 30
24 -1
34 -1
-1 29
41 -1
43 -1
4 -1
22 -1
-1 10
63 -1
26 -1
-1 63
-1 47
54 -1
-1 19
-1 9
-1 68
51 -1
16 -1
53 -1
-1 7
-1 13
61 -1
27 -1
-1 46
45 -1
-1 55
-1 11
-1 67
37 -1
67 -1
-1 37
-1 5
58 -1
53 -1
-1 33
-1 21
-1 66
31 -1
20 -1
-1 67
68 -1
5 -1
24 -1
13 -1
-1 24
43 -1
51 -1
18 -1
12 -1
-1 51
-1 63
8 -1
-1 28
53 -1
7 -1
-1 46
-1 17
55 -1
-1 31
9 -1
10 -1
-1 52
26 -1
22 -1
-1 8
-1 18
8 -1
-1 45
31 -1
-1 66
1 -1
-1 7
-1 18
-1 28
-1 68
-1 33
47 -1
-1 46
27 -1
3 -1
58 -1
-1 16
45 -1
-1 10
28 -1
-1 7
56 -1
-1 20
-1 64
-1 38
62 -1
-1 31
-1 23
38 -1
23 -1
55 -1
29 -1
53 -1
-1 5
53 -1
-1 47
39 -1
27 -1
30 -1
-1 49
-1 29
-1 39
9 -1
53 -1
-1 63
-1 26
-1 13
53 -1
-1 5
25 -1
-1 3
61 -1
-1 29
-1 11
16 -1
-1 49
13 -1
23 -1
-1 14
-1 8
14 -1
62 -1
63 -1
-1 6
22 -1
47 -1
-1 33
-1 23
28 -1
43 -1
65 -1
11 -1
20 -1
-1 49
9 -1
46 -1
-1 49
15 -1
-1 2
31 -1
66 -1
62 -1
-1 4
-1 38
-1 59
21 -1
-1 30
51 -1
10 -1
23 -1
43 -1
16 -1
7 -1
1 -1
-1 64
-1 20
-1 6
-1 13
10 -1
-1 63
2 -1
51 -1
11 -1
-1 28
1 -1
42 -1
-1 5
67 -1
-1 64
57 -1
53 -1
-1 8
-1 39
3 -1
24 -1
13 -1
34 -1
66 -1
-1 35
-1 52
24 -1
-1 1
-1 36
-1 66
-1 43
-1 17
-1 27
53 -1
-1 59
-1 40
-1 41
-1 18
4 -1
-1 45
52 -1
15 -1
2 -1
-1 27
-1 19
-1 13
13 -1
-1 60
-1 21
42 -1
-1 13
-1 36
61 -1
16 -1
53 -1
44 -1
37 -1
-1 39
-1 15
-1 46
64 -1
62 -1
64 -1
-1 38
64 -1
-1 33
53 -1
-1 21
37 -1
-1 54
46 -1
-1 8
24 -1
-1 32
-1 30
35 -1
-1 21
22 -1
50 -1
48 -1
41 -1
-1 12
-1 11
11 -1
-1 25
43 -1
22 -1
47 -1
-1 38
-1 65
18 -1
25 -1
-1 57
-1 63
-1 38
15 -1
-1 34
21 -1
37 -1
36 -1
-1 2
-1 47
27 -1
-1 53
-1 30
4 -1
-1 45
-1 29
41 -1
-1 39
-1 28
-1 49
-1 56
-1 34
51 -1
25 -1
45 -1
-1 16
13 -1
-1 23
-1 12
-1 37
-1 33
-1 27
30 -1
29 -1
1 -1
-1 31
56 -1
23 -1
-1 47
-1 20
-1 61
64 -1
-1 52
32 -1
-1 15
28 -1
14 -1
-1 29
-1 50
-1 17
-1 40
48 -1
-1 12
-1 10
23 -1
21 -1
43 -1
-1 15
35 -1
-1 11
-1 16
-1 52
1 -1
25 -1
-1 39
-1 16
-1 13
-1 46
30 -1
-1 14
8 -1
47 -1
-1 30
36 -1
-1 5
-1 31
54 -1
23 -1
-1 44
-1 26
65 -1
47 -1
47 -1
-1 10
-1 20
-1 62
-1 10
-1 57
61 -1
-1 37
31 -1
21 -1
-1 47
47 -1
58 -1
-1 33
54 -1
55 -1
-1 60
-1 59
28 -1
-1 30
46 -1
-1 31
-1 61
-1 62
-1 36
-1 48
2 -1
-1 50
65 -1
50 -1
55 -1
-1 23
-1 23
8 -1
-1 9
-1 41
62 -1
31 -1
-1 2
15 -1
-1 64
20 -1
40 -1
26 -1
-1 35
58 -1
35 -1
-1 26
-1 26
65 -1
-1 14
11 -1
27 -1
16 -1
59 -1
11 -1
47 -1
57 -1
-1 58
-1 23
-1 56
-1 17
4 -1
44 -1
65 -1
-1 3
-1 24
38 -1
29 -1
-1 24
10 -1
21 -1
-1 24
40 -1
-1 66
34 -1
61 -1
65 -1
-1 47
-1 58
41 -1
-1 18
-1 36
14 -1
20 -1
-1 41
19 -1
-1 43
39 -1
-1 5
-1 2
-1 62
54 -1
-1 24
-1 14
-1 25
12 -1
-1 16
12 -1
-1 46
39 -1
59 -1
-1 37
49 -1
-1 56
-1 27
36 -1
-1 19
66 -1
35 -1
-1 36
8 -1
-1 22
53 -1
-1 25
2 -1
-1 32
-1 68
-1 3
-1 37
1 -1
-1 40
-1 54
-1 55
58 -1
-1 57
59 -1
-1 15
-1 53
-1 45
-1 49
26 -1
-1 68
-1 63
-1 43
-1 40
36 -1
-1 9
-1 21
57 -1
48 -1
-1 58
-1 44
34 -1
24 -1
2 -1
-1 60
48 -1
-1 35
15 -1
-1 42
-1 57
7 -1
10 -1
-1 38
57 -1
-1 62
45 -1
-1 61
17 -1
33 -1
60 -1
-1 20
18 -1
42 -1
6 -1
-1 32
22 -1
-1 59
-1 15
-1 18
-1 37
-1 9
50 -1
10 -1
54 -1
-1 35
-1 48
-1 28
-1 42
-1 67
-1 19
-1 6
64 -1
-1 67
45 -1
-1 24
21 -1
-1 23
-1 50
35 -1
-1 56
68 -1
-1 43
-1 31
-1 27
-1 36
23 -1
-1 39
-1 49
9 -1
-1 39
13 -1
-1 24
25 -1
-1 51
4 -1
41 -1
3 -1
-1 12
25 -1
38 -1
9 -1
41 -1
5 -1
-1 47
-1 37
-1 54
-1 27
8 -1
-1 43
-1 27
-1 28
-1 42
29 -1
59 -1
-1 16
65 -1
17 -1
-1 66
49 -1
37 -1
-1 39
11 -1
52 -1
43 -1
16 -1
65 -1
6 -1
-1 42
27 -1
-1 24
5 -1
29 -1
66 -1
33 -1
-1 33
39 -1
-1 15
-1 18
-1 68
1 -1
-1 6
-1 58
-1 28
-1 44
46 -1
3 -1
43 -1
-1 53
30 -1
66 -1
40 -1
-1 48
-1 47
40 -1
-1 47
12 -1
-1 36
-1 22
33 -1
-1 64
25 -1
13 -1
-1 68
56 -1
63 -1
38 -1
2 -1
-1 11
43 -1
-1 38
5 -1
-1 39
66 -1
1 -1
-1 61
-1 12
23 -1
-1 37
19 -1
18 -1
-1 26
45 -1
25 -1
-1 8
3 -1
-1 46
-1 27
-1 27
-1 10
-1 23
15 -1
54 -1
-1 9
6 -1
-1 65
-1 16
-1 62
43 -1
60 -1
53 -1
37 -1
-1 52
-1 16
59 -1
10 -1
23 -1
8 -1
37 -1
32 -1
28 -1
57 -1
-1 21
-1 39
45 -1
18 -1
54 -1
19 -1
3 -1
47 -1
-1 19
43 -1
-1 66
-1 47
-1 22
1 -1
-1 45
-1 54
-1 2
19 -1
-1 11
15 -1
59 -1
-1 5
-1 16
58 -1
-1 27
-1 67
-1 44
-1 62
50 -1
52 -1
-1 57
-1 65
-1 58
34 -1
-1 21
11 -1
-1 19
16 -1
37 -1
-1 12
-1 43
10 -1
64 -1
-1 21
-1 2
3 -1
18 -1
-1 41
-1 60
-1 50
44 -1
51 -1
24 -1
16 -1
9 -1
-1 32
-1 53
-1 3
-1 15
16 -1
-1 25
-1 34
-1 66
-1 21
40 -1
-1 37
-1 5
-1 58
11 -1
45 -1
7 -1
-1 67
-1 24
23 -1
-1 60
26 -1
47 -1
68 -1
-1 37
15 -1
68 -1
-1 36
-1 62
49 -1
7 -1
59 -1
-1 43
-1 50
40 -1
-1 12
3 -1
-1 28
-1 21
26 -1
49 -1
10 -1
-1 12
-1 46
9 -1
6 -1
-1 54
-1 14
-1 14
-1 47
40 -1
59 -1
-1 49
10 -1
28 -1
-1 63
-1 30
-1 5
61 -1
18 -1
-1 59
-1 60
-1 5
51 -1
6 -1
66 -1
-1 45
-1 54
-1 55
-1 56
22 -1
-1 56
-1 35
24 -1
-1 6
-1 61
10 -1
-1 63
55 -1
53 -1
3 -1
6 -1
-1 55
28 -1
-1 53
28 -1
25 -1
42 -1
26 -1
6 -1
-1 19
-1 51
-1 34
15 -1
44 -1
11 -1
63 -1
-1 23
46 -1
24 -1
54 -1
63 -1
26 -1
-1 55
-1 39
33 -1
36 -1
22 -1
-1 20
-1 38
55 -1
-1 49
57 -1
-1 50
12 -1
-1 27
6 -1
-1 67
58 -1
-1 61
35 -1
-1 2
-1 23
50 -1
-1 21
-1 21
27 -1
3 -1
30 -1
44 -1
45 -1
16 -1
33 -1
47 -1
-1 19
-1 8
-1 14
-1 12
-1 16
31 -1
-1 54
-1 65
64 -1
6 -1
9 -1
-1 31
4 -1
-1 2
44 -1
-1 54
19 -1
3 -1
18 -1
42 -1
23 -1
51 -1
-1 2
6 -1
-1 45
51 -1
20 -1
-1 4
59 -1
-1 29
-1 60
46 -1
14 -1
-1 9
26 -1
-1 52
42 -1
68 -1
-1 39
-1 2
50 -1
-1 25
12 -1
62 -1
43 -1
35 -1
23 -1
67 -1
68 -1
60 -1
67 -1
6 -1
-1 1
-1 1
25 -1
-1 23
22 -1
-1 8
6 -1
60 -1
40 -1
-1 64
-1 11
46 -1
-1 34
-1 62
25 -1
50 -1
38 -1
-1 26
11 -1
-1 65
41 -1
-1 56
45 -1
24 -1
-1 38
-1 9
41 -1
10 -1
68 -1
48 -1
39 -1
54 -1
-1 55
-1 67
66 -1
-1 23
-1 41
17 -1
54 -1
-1 46
-1 29
58 -1
-1 41
-1 54
67 -1
-1 49
14 -1
15 -1
60 -1
-1 55
19 -1
53 -1
-1 44
32 -1
-1 59
17 -1
-1 52
-1 53
22 -1
-1 3
37 -1
47 -1
-1 55
-1 47
-1 30
-1 32
-1 61
34 -1
-1 18
61 -1
-1 46
12 -1
-1 56
-1 2
-1 64
3 -1
51 -1
-1 14
5 -1
-1 25
58 -1
-1 34
-1 60
-1 44
18 -1
8 -1
-1 57
-1 51
-1 12
-1 30
-1 42
-1 61
-1 53
68 -1
-1 12
-1 42
60 -1
-1 63
6 -1
-1 28
-1 68
-1 52
-1 45
-1 50
-1 24
-1 41
59 -1
-1 68
-1 18
-1 11
-1 58
37 -1
-1 11
65 -1
-1 7
-1 58
50 -1
67 -1
62 -1
24 -1
-1 27
-1 53
-1 65
-1 16
-1 31
6 -1
-1 22
20 -1
-1 11
55 -1
34 -1
39 -1
2 -1
-1 51
44 -1
-1 45
-1 4
-1 5
57 -1
5 -1
5 -1
44 -1
-1 33
48 -1
59 -1
-1 44
-1 12
-1 59
-1 7
-1 62
38 -1
6 -1
36 -1
54 -1
11 -1
48 -1
-1 24
55 -1
-1 31
9 -1
-1 67
22 -1
-1 45
-1 45
8 -1
31 -1
63 -1
-1 2
-1 23
40 -1
33 -1
21 -1
-1 36
10 -1
-1 33
-1 53
59 -1
61 -1
-1 49
21 -1
-1 27
-1 32
-1 50
22 -1
-1 2
-1 48
21 -1
-1 7
-1 38
-1 28
3 -1
14 -1
16 -1
41 -1
41 -1
-1 52
-1 26
40 -1
-1 13
-1 44
45 -1
1 -1
-1 64
-1 3
-1 8
55 -1
-1 58
59 -1
36 -1
-1 12
63 -1
9 -1
13 -1
61 -1
-1 32
-1 18
19 -1
27 -1
-1 17
-1 54
-1 33
36 -1
-1 55
-1 57
-1 29
-1 21
-1 58
15 -1
-1 35
-1 50
55 -1
-1 49
6 -1
-1 46
-1 52
-1 14
-1 32
9 -1
-1 66
16 -1
42 -1
2 -1
37 -1
-1 39
12 -1
64 -1
9 -1
46 -1
-1 63
49 -1
20 -1
34 -1
40 -1
36 -1
13 -1
-1 33
22 -1
11 -1
28 -1
-1 58
-1 14
-1 14
-1 29
-1 58
22 -1
3 -1
57 -1
6 -1
19 -1
-1 35
54 -1
63 -1
51 -1
5 -1
-1 11
30 -1
52 -1
-1 47
52 -1
42 -1
-1 55
49 -1
36 -1
64 -1
-1 54
10 -1
-1 19
-1 56
-1 4
27 -1
49 -1
-1 40
-1 17
57 -1
42 -1
-1 1
-1 37
-1 3
-1 14
4 -1
-1 33
-1 58
-1 29
-1 1
51 -1
-1 42
-1 59
-1 17
43 -1
9 -1
62 -1
35 -1
39 -1
-1 22
42 -1
-1 55
-1 26
-1 26
-1 57
23 -1
-1 18
-1 55
-1 48
6 -1
38 -1
6 -1
-1 24
18 -1
-1 59
-1 56
-1 6
-1 22
-1 8
-1 66
8 -1
-1 55
-1 21
21 -1
-1 58
37 -1
-1 55
-1 12
-1 28
14 -1
59 -1
-1 39
-1 54
24 -1
-1 58
-1 56
4 -1
37 -1
-1 1
-1 40
-1 22
35 -1
4 -1
67 -1
8 -1
-1 14
-1 28
66 -1
12 -1
59 -1
57 -1
8 -1
55 -1
-1 20
-1 56
58 -1
10 -1
60 -1
61 -1
54 -1
-1 12
11 -1
39 -1
-1 50
48 -1
-1 32
-1 2
-1 47
52 -1
24 -1
23 -1
38 -1
1 -1
-1 29
-1 65
52 -1
49 -1
-1 9
8 -1
-1 16
28 -1
-1 33
4 -1
33 -1
-1 50
37 -1
-1 50
20 -1
-1 8
22 -1
-1 58
-1 25
16 -1
-1 28
8 -1
23 -1
54 -1
-1 25
33 -1
-1 25
47 -1
58 -1
61 -1
-1 23
12 -1
6 -1
-1 29
-1 11
-1 32
60 -1
18 -1
57 -1
-1 35
-1 23
-1 1
-1 38
36 -1
4 -1
46 -1
7 -1
63 -1
34 -1
14 -1
-1 66
64 -1
56 -1
-1 46
-1 6
-1 53
-1 22
25 -1
7 -1
3 -1
-1 64
-1 62
-1 17
65 -1
64 -1
-1 53
32 -1
-1 29
-1 28
33 -1
66 -1
-1 64
44 -1
-1 22
-1 56
-1 21
63 -1
56 -1
28 -1
14 -1
-1 18
-1 33
-1 66
15 -1
-1 43
46 -1
43 -1
67 -1
-1 57
64 -1
-1 26
-1 19
36 -1
-1 41
48 -1
43 -1
12 -1
52 -1
68 -1
12 -1
-1 2
-1 32
47 -1
-1 20
-1 14
-1 22
23 -1
-1 2
21 -1
38 -1
-1 4
4 -1
-1 42
42 -1
22 -1
-1 25
8 -1
-1 39
-1 8
38 -1
10 -1
61 -1
-1 14
32 -1
42 -1
53 -1
-1 23
-1 22
-1 7
39 -1
-1 22
-1 16
-1 40
-1 2
-1 15
-1 52
-1 35
-1 60
-1 7
-1 2
-1 60
-1 3
-1 4
23 -1
57 -1
-1 26
-1 8
53 -1
36 -1
30 -1
35 -1
-1 3
66 -1
-1 27
-1 45
41 -1
20 -1
62 -1
20 -1
-1 12
65 -1
-1 32
-1 34
53 -1
41 -1
-1 32
-1 44
-1 67
-1 24
4 -1
-1 33
61 -1
-1 59
-1 20
18 -1
-1 63
2 -1
65 -1
64 -1
58 -1
9 -1
19 -1
2 -1
9 -1
47 -1
2 -1
49 -1
17 -1
-1 7
1 -1
-1 57
-1 34
-1 41
-1 19
38 -1
-1 62
7 -1
-1 17
-1 55
-1 63
-1 24
64 -1
-1 10
49 -1
13 -1
40 -1
36 -1
-1 39
8 -1
33 -1
-1 1
26 -1
-1 43
-1 56
25 -1
-1 10
14 -1
-1 6
-1 28
-1 30
-1 35
-1 61
28 -1
27 -1
-1 56
10 -1
-1 9
59 -1
20 -1
-1 1
44 -1
23 -1
10 -1
7 -1
2 -1
-1 14
45 -1
67 -1
-1 17
-1 51
39 -1
42 -1
-1 38
-1 66
11 -1
67 -1
17 -1
-1 62
-1 58
9 -1
52 -1
-1 29
-1 67
1 -1
-1 5
-1 6
-1 29
-1 38
-1 52
-1 19
-1 61
-1 65
19 -1
30 -1
59 -1
-1 33
55 -1
24 -1
41 -1
-1 11
-1 28
35 -1
-1 44
19 -1
8 -1
-1 8
66 -1
15 -1
18 -1
-1 66
-1 36
35 -1
-1 28
-1 67
-1 65
3 -1
54 -1
48 -1
26 -1
-1 22
55 -1
-1 17
27 -1
-1 3
3 -1
33 -1
61 -1
19 -1
-1 55
-1 65
67 -1
39 -1
-1 60
55 -1
40 -1
-1 60
-1 52
3 -1
31 -1
2 -1
-1 38
38 -1
18 -1
-1 1
-1 31
-1 17
-1 31
3 -1
-1 38
52 -1
-1 41
28 -1
-1 15
-1 28
-1 8
16 -1
-1 37
2 -1
1 -1
-1 23
50 -1
-1 14
-1 53
-1 31
65 -1
-1 38
52 -1
50 -1
-1 44
27 -1
-1 21
33 -1
-1 48
-1 25
64 -1
-1 24
-1 52
-1 37
-1 41
-1 33
-1 50
-1 8
-1 17
45 -1
47 -1
66 -1
10 -1
-1 44
-1 14
-1 5
-1 13
-1 24
60 -1
28 -1
9 -1
54 -1
56 -1
-1 20
-1 55
-1 46
29 -1
53 -1
-1 19
66 -1
-1 60
-1 67
41 -1
37 -1
63 -1
-1 40
-1 27
-1 51
-1 36
-1 56
68 -1
-1 16
-1 40
-1 29
-1 18
-1 4
-1 13
43 -1
29 -1
-1 16
22 -1
-1 45
-1 61
51 -1
-1 49
-1 29
38 -1
-1 15
30 -1
9 -1
8 -1
41 -1
-1 49
51 -1
-1 59
-1 33
65 -1
-1 28
4 -1
19 -1
-1 16
-1 39
62 -1
18 -1
7 -1
-1 1
18 -1
-1 53
-1 12
67 -1
-1 27
-1 15
41 -1
-1 27
62 -1
-1 51
18 -1
63 -1
-1 22
18 -1
-1 34
-1 49
8 -1
-1 43
59 -1
-1 9
46 -1
32 -1
53 -1
27 -1
44 -1
-1 20
-1 14
-1 11
61 -1
10 -1
-1 51
-1 14
39 -1
-1 5
16 -1
17 -1
39 -1
46 -1
48 -1
-1 17
-1 11
-1 10
10 -1
-1 1
-1 66
-1 22
25 -1
46 -1
-1 22
67 -1
-1 59
-1 32
52 -1
61 -1
-1 19
16 -1
33 -1
-1 65
-1 66
-1 10
67 -1
-1 21
55 -1
-1 2
1 -1
-1 40
38 -1
39 -1
55 -1
54 -1
-1 53
-1 22
16 -1
-1 33
34 -1
11 -1
41 -1
59 -1
-1 34
-1 51
39 -1
-1 45
42 -1
-1 44
42 -1
-1 34
-1 6
47 -1
30 -1
2 -1
14 -1
20 -1
4 -1
-1 7
-1 9
33 -1
19 -1
-1 46
-1 5
-1 51
25 -1
-1 12
32 -1
7 -1
65 -1
-1 28
24 -1
-1 38
60 -1
-1 29
-1 56
21 -1
-1 61
39 -1
-1 67
-1 66
-1 62
-1 37
46 -1
-1 10
-1 18
-1 48
-1 25
7 -1
-1 28
38 -1
-1 10
47 -1
-1 55
-1 40
5 -1
48 -1
38 -1
-1 43
51 -1
45 -1
-1 44
12 -1
23 -1
-1 44
-1 24
17 -1
-1 41
-1 12
11 -1
41 -1
45 -1
-1 1
23 -1
-1 68
-1 29
-1 48
62 -1
-1 26
-1 66
-1 48
22 -1
-1 43
-1 41
9 -1
-1 57
-1 32
7 -1
-1 6
-1 53
49 -1
38 -1
-1 16
60 -1
-1 34
-1 30
12 -1
-1 41
55 -1
-1 8
9 -1
28 -1
-1 65
-1 54
36 -1
-1 57
31 -1
-1 43
28 -1
-1 56
-1 52
-1 65
-1 32
-1 68
23 -1
-1 11
-1 50
-1 53
67 -1
62 -1
-1 25
30 -1
-1 51
31 -1
67 -1
35 -1
59 -1
-1 32
60 -1
-1 59
26 -1
-1 26
-1 25
37 -1
-1 57
-1 51
-1 25
33 -1
-1 11
17 -1
45 -1
-1 58
-1 59
20 -1
52 -1
60 -1
61 -1
13 -1
-1 40
-1 47
-1 24
-1 57
2 -1
25 -1
-1 33
12 -1
-1 35
-1 37
-1 8
-1 2
4 -1
-1 7
49 -1
-1 60
-1 10
-1 55
-1 6
-1 8
-1 14
3 -1
-1 4
-1 44
12 -1
-1 3
24 -1
7 -1
-1 64
21 -1
-1 4
-1 66
46 -1
24 -1
22 -1
33 -1
-1 58
-1 4
-1 27
22 -1
-1 20
-1 31
14 -1
-1 67
-1 62
2 -1
-1 6
-1 68
-1 52
64 -1
-1 8
63 -1
-1 28
37 -1
-1 65
-1 21
7 -1
-1 3
-1 54
53 -1
14 -1
-1 6
28 -1
57 -1
62 -1
-1 51
-1 30
51 -1
33 -1
-1 48
-1 26
-1 65
60 -1
-1 32
-1 20
-1 18
28 -1
-1 19
-1 24
11 -1
46 -1
-1 32
-1 5
-1 56
-1 2
31 -1
46 -1
4 -1
30 -1
-1 63
-1 36
35 -1
-1 6
45 -1
28 -1
-1 60
-1 64
-1 12
-1 56
49 -1
-1 64
50 -1
-1 35
65 -1
11 -1
9 -1
-1 26
-1 28
-1 27
-1 67
-1 21
24 -1
7 -1
66 -1
4 -1
15 -1
-1 63
16 -1
-1 29
-1 56
62 -1
20 -1
-1 39
5 -1
-1 62
16 -1
30 -1
67 -1
17 -1
-1 55
45 -1
58 -1
-1 56
17 -1
16 -1
-1 22
-1 66
-1 55
44 -1
-1 11
8 -1
13 -1
60 -1
-1 8
-1 56
-1 68
62 -1
-1 28
-1 10
18 -1
-1 50
66 -1
-1 3
60 -1
-1 18
-1 28
32 -1
-1 63
62 -1
49 -1
12 -1
2 -1
57 -1
-1 47
6 -1
-1 66
33 -1
-1 49
29 -1
-1 23
5 -1
63 -1
-1 23
-1 48
-1 67
-1 57
34 -1
-1 30
-1 16
62 -1
19 -1
-1 30
-1 10
3 -1
-1 62
37 -1
-1 28
3 -1
29 -1
18 -1
6 -1
26 -1
49 -1
-1 29
-1 67
-1 47
23 -1
-1 57
7 -1
-1 44
38 -1
-1 3
-1 34
-1 53
-1 38
53 -1
37 -1
-1 29
-1 33
33 -1
-1 13
63 -1
-1 13
58 -1
26 -1
56 -1
-1 66
8 -1
48 -1
48 -1
66 -1
46 -1
4 -1
62 -1
-1 56
-1 11
-1 57
29 -1
48 -1
47 -1
-1 48
35 -1
-1 57
-1 38
-1 60
23 -1
-1 25
-1 65
-1 64
-1 12
-1 48
7 -1
-1 6
10 -1
66 -1
-1 57
-1 19
-1 57
27 -1
67 -1
68 -1
62 -1
-1 59
-1 68
45 -1
-1 3
-1 40
-1 31
4 -1
35 -1
-1 20
49 -1
-1 39
2 -1
-1 40
-1 16
-1 26
61 -1
-1 27
-1 26
68 -1
-1 23
-1 35
62 -1
-1 34
43 -1
-1 28
-1 38
62 -1
33 -1
33 -1
46 -1
10 -1
-1 60
-1 61
39 -1
-1 4
4 -1
-1 2
68 -1
9 -1
-1 46
-1 67
-1 41
-1 8
67 -1
33 -1
34 -1
-1 49
-1 58
-1 55
-1 43
45 -1
21 -1
-1 60
40 -1
12 -1
-1 65
43 -1
-1 7
25 -1
-1 37
42 -1
57 -1
-1 64
63 -1
12 -1
-1 12
-1 52
55 -1
-1 38
54 -1
31 -1
50 -1
10 -1
-1 52
-1 24
15 -1
52 -1
-1 13
43 -1
17 -1
-1 59
68 -1
67 -1
-1 62
-1 27
47 -1
-1 60
-1 65
54 -1
-1 16
-1 63
2 -1
55 -1
-1 57
39 -1
-1 61
67 -1
-1 49
-1 32
8 -1
-1 33
48 -1
-1 60
43 -1
-1 58
57 -1
-1 62
-1 64
56 -1
21 -1
64 -1
-1 7
-1 28
-1 66
2 -1
-1 18
-1 14
-1 38
52 -1
-1 56
66 -1
-1 28
45 -1
-1 58
58 -1
-1 32
37 -1
-1 49
2 -1
-1 51
60 -1
2 -1
61 -1
47 -1
-1 58
27 -1
50 -1
62 -1
16 -1
15 -1
-1 3
48 -1
63 -1
-1 39
-1 31
-1 47
-1 20
63 -1
16 -1
4 -1
-1 43
59 -1
-1 52
-1 1
41 -1
20 -1
-1 31
-1 46
-1 67
-1 27
-1 23
-1 6
-1 29
-1 10
-1 19
-1 22
1 -1
-1 64
39 -1
-1 27
27 -1
-1 13
-1 63
-1 33
-1 23
48 -1
-1 58
-1 35
10 -1
-1 20
16 -1
12 -1
-1 5
58 -1
61 -1
23 -1
-1 67
-1 47
-1 36
-1 45
-1 30
-1 22
-1 11
5 -1
24 -1
5 -1
-1 26
-1 44
60 -1
-1 19
34 -1
-1 42
-1 46
-1 6
61 -1
42 -1
-1 41
3 -1
-1 11
22 -1
-1 44
53 -1
52 -1
6 -1
-1 13
-1 26
-1 42
-1 45
23 -1
-1 35
40 -1
-1 7
-1 15
-1 43
-1 22
68 -1
-1 59
-1 42
21 -1
-1 20
65 -1
-1 25
51 -1
36 -1
-1 47
-1 49
1 -1
-1 7
-1 9
-1 34
61 -1
-1 48
28 -1
14 -1
37 -1
-1 32
-1 31
32 -1
-1 39
17 -1
-1 51
-1 36
-1 64
-1 6
-1 25
-1 67
-1 27
5 -1
37 -1
-1 68
43 -1
-1 22
-1 57
-1 64
42 -1
38 -1
68 -1
63 -1
12 -1
7 -1
46 -1
48 -1
-1 42
-1 10
66 -1
-1 66
-1 15
37 -1
16 -1
-1 3
-1 27
-1 27
16 -1
-1 27
31 -1
14 -1
55 -1
-1 46
45 -1
-1 10
-1 46
3 -1
38 -1
-1 13
-1 50
-1 34
-1 52
26 -1
-1 36
47 -1
48 -1
-1 41
37 -1
62 -1
45 -1
-1 33
29 -1
13 -1
9 -1
67 -1
-1 19
-1 4
58 -1
63 -1
42 -1
15 -1
33 -1
-1 6
-1 27
17 -1
31 -1
66 -1
-1 65
-1 38
-1 22
-1 28
-1 9
55 -1
38 -1
48 -1
14 -1
53 -1
-1 56
20 -1
3 -1
-1 53
58 -1
-1 38
1 -1
-1 28
-1 37
59 -1
45 -1
54 -1
-1 33
33 -1
-1 33
58 -1
61 -1
-1 62
37 -1
21 -1
-1 35
12 -1
41 -1
15 -1
-1 10
11 -1
26 -1
17 -1
-1 38
32 -1
-1 63
41 -1
-1 40
-1 19
13 -1
34 -1
-1 7
29 -1
60 -1
-1 17
-1 21
-1 40
31 -1
-1 3
50 -1
17 -1
55 -1
-1 3
29 -1
-1 68
53 -1
-1 30
60 -1
-1 33
-1 39
-1 48
-1 24
-1 27
-1 60
-1 12
-1 34
-1 11
29 -1
68 -1
-1 61
-1 27
-1 68
-1 62
11 -1
9 -1
28 -1
28 -1
-1 8
-1 57
40 -1
-1 64
-1 24
-1 43
-1 65
-1 35
63 -1
-1 68
53 -1
35 -1
-1 58
-1 9
66 -1
-1 47
27 -1
2 -1
33 -1
17 -1
18 -1
-1 2
-1 1
14 -1
2 -1
59 -1
-1 33
-1 17
-1 11
-1 54
-1 44
21 -1
-1 23
52 -1
-1 15
-1 15
68 -1
-1 11
-1 29
-1 59
19 -1
13 -1
52 -1
-1 44
63 -1
55 -1
7 -1
61 -1
64 -1
-1 17
-1 17
-1 13
39 -1
-1 29
52 -1
56 -1
47 -1
53 -1
8 -1
19 -1
37 -1
49 -1
16 -1
2 -1
-1 56
-1 26
-1 55
20 -1
53 -1
17 -1
-1 15
36 -1
52 -1
27 -1
67 -1
62 -1
-1 54
65 -1
-1 46
-1 45
1 -1
21 -1
65 -1
-1 9
-1 43
-1 65
41 -1
55 -1
11 -1
-1 41
53 -1
52 -1
58 -1
-1 6
20 -1
-1 42
-1 35
35 -1
-1 59
-1 38
44 -1
-1 22
-1 39
36 -1
-1 25
-1 26
55 -1
-1 40
-1 4
24 -1
57 -1
21 -1
45 -1
-1 27
32 -1
65 -1
-1 49
-1 67
58 -1
-1 53
33 -1
22 -1
-1 21
-1 30
61 -1
30 -1
-1 28
-1 26
-1 44
37 -1
46 -1
-1 67
42 -1
2 -1
-1 25
23 -1
-1 16
29 -1
52 -1
33 -1
32 -1
-1 17
46 -1
-1 42
-1 42
21 -1
20 -1
-1 29
6 -1
46 -1
-1 66
21 -1
-1 4
37 -1
2 -1
-1 50
23 -1
63 -1
20 -1
18 -1
-1 46
-1 67
9 -1
15 -1
-1 41
-1 25
41 -1
-1 52
61 -1
37 -1
-1 43
40 -1
46 -1
34 -1
-1 20
-1 11
-1 50
28 -1
6 -1
16 -1
3 -1
-1 41
-1 3
-1 14
-1 42
56 -1
-1 50
-1 14
-1 63
-1 55
-1 1
36 -1
67 -1
63 -1
11 -1
63 -1
-1 51
-1 16
8 -1
-1 55
-1 2
-1 65
59 -1
30 -1
-1 29
-1 53
38 -1
-1 54
58 -1
-1 21
59 -1
-1 7
-1 48
29 -1
-1 26
-1 21
-1 63
2 -1
6 -1
14 -1
68 -1
18 -1
7 -1
49 -1
59 -1
45 -1
-1 23
-1 9
16 -1
14 -1
29 -1
-1 34
11 -1
64 -1
22 -1
23 -1
17 -1
-1 24
33 -1
-1 8
-1 64
34 -1
-1 14
-1 26
-1 50
64 -1
-1 19
-1 52
67 -1
-1 59
-1 59
-1 45
39 -1
-1 41
61 -1
-1 3
25 -1
61 -1
68 -1
-1 54
-1 48
14 -1
9 -1
-1 26
-1 7
3 -1
-1 18
-1 65
4 -1
-1 38
28 -1
-1 41
38 -1
-1 63
60 -1
57 -1
58 -1
-1 5
37 -1
-1 55
40 -1
-1 58
9 -1
-1 9
-1 35
-1 62
-1 4
29 -1
38 -1
-1 31
-1 16
-1 9
31 -1
-1 66
-1 68
-1 6
28 -1
3 -1
-1 47
-1 39
-1 13
24 -1
-1 64
-1 35
-1 54
-1 53
-1 30
65 -1
-1 62
-1 17
51 -1
30 -1
-1 63
-1 44
56 -1
62 -1
-1 40
66 -1
56 -1
-1 45
-1 6
-1 24
-1 31
8 -1
49 -1
59 -1
39 -1
-1 68
47 -1
-1 55
42 -1
65 -1
-1 55
6 -1
-1 41
-1 44
54 -1
-1 13
-1 56
-1 28
64 -1
68 -1
62 -1
38 -1
18 -1
-1 27
1 -1
11 -1
-1 59
2 -1
11 -1
-1 37
16 -1
44 -1
-1 54
4 -1
-1 30
28 -1
-1 40
-1 40
42 -1
-1 4
53 -1
-1 15
-1 44
-1 27
15 -1
-1 24
-1 35
21 -1
5 -1
-1 57
-1 42
42 -1
-1 2
10 -1
67 -1
31 -1
41 -1
-1 22
54 -1
-1 40
7 -1
7 -1
-1 58
-1 21
21 -1
13 -1
51 -1
20 -1
-1 37
19 -1
25 -1
-1 54
40 -1
35 -1
63 -1
-1 4
47 -1
-1 51
4 -1
-1 64
-1 4
-1 2
-1 56
58 -1
-1 45
-1 46
11 -1
-1 2
24 -1
-1 18
5 -1
-1 33
51 -1
35 -1
-1 55
68 -1
-1 59
41 -1
-1 28
-1 11
31 -1
-1 20
34 -1
-1 49
35 -1
-1 13
-1 31
-1 46
-1 39
-1 39
-1 43
-1 52
64 -1
65 -1
39 -1
-1 38
-1 35
-1 17
-1 51
-1 56
48 -1
27 -1
11 -1
8 -1
-1 7
17 -1
41 -1
59 -1
27 -1
-1 44
8 -1
24 -1
60 -1
-1 19
39 -1
-1 38
8 -1
-1 64
1 -1
11 -1
-1 37
37 -1
-1 44
34 -1
-1 56
36 -1
27 -1
18 -1
-1 22
-1 37
12 -1
-1 4
-1 7
-1 8
-1 12
-1 9
-1 48
35 -1
-1 44
-1 67
-1 54
47 -1
-1 64
50 -1
-1 36
12 -1
52 -1
45 -1
-1 46
-1 30
35 -1
13 -1
68 -1
-1 59
-1 46
60 -1
14 -1
4 -1
44 -1
31 -1
58 -1
3 -1
44 -1
-1 22
-1 18
-1 65
-1 20
53 -1
58 -1
-1 16
1 -1
-1 37
35 -1
-1 46
21 -1
67 -1
-1 58
-1 16
25 -1
-1 68
17 -1
-1 12
-1 66
48 -1
-1 13
59 -1
5 -1
-1 37
50 -1
-1 42
43 -1
60 -1
7 -1
-1 61
-1 52
-1 68
-1 38
7 -1
-1 39
28 -1
-1 3
36 -1
59 -1
-1 5
49 -1
31 -1
-1 39
38 -1
56 -1
-1 42
59 -1
-1 39
67 -1
58 -1
63 -1
-1 32
25 -1
47 -1
-1 38
6 -1
-1 68
47 -1
1 -1
43 -1
22 -1
-1 26
-1 56
-1 58
-1 42
-1 33
8 -1
55 -1
22 -1
-1 2
-1 1
68 -1
11 -1
27 -1
34 -1
18 -1
-1 65
-1 45
1 -1
-1 8
-1 48
49 -1
42 -1
10 -1
-1 48
43 -1
-1 34
64 -1
36 -1
-1 55
-1 29
-1 11
21 -1
28 -1
21 -1
44 -1
-1 52
-1 30
-1 51
-1 23
65 -1
-1 30
32 -1
-1 9
25 -1
-1 42
-1 55
-1 14
-1 68
54 -1
-1 14
-1 30
-1 52
-1 43
-1 62
54 -1
-1 59
-1 18
-1 35
19 -1
19 -1
-1 65
-1 64
-1 47
-1 60
27 -1
42 -1
3 -1
-1 43
27 -1
32 -1
18 -1
16 -1
18 -1
-1 44
-1 47
-1 10
50 -1
-1 28
-1 59
-1 41
-1 39
-1 35
-1 13
-1 18
-1 1
43 -1
42 -1
-1 43
67 -1
34 -1
-1 36
9 -1
-1 13
-1 67
-1 23
-1 42
-1 40
-1 28
-1 32
56 -1
56 -1
64 -1
-1 19
52 -1
11 -1
-1 14
-1 43
44 -1
27 -1
53 -1
48 -1
7 -1
-1 4
22 -1
21 -1
22 -1
5 -1
21 -1
61 -1
34 -1
5 -1
-1 48
17 -1
-1 62
-1 3
-1 35
-1 66
27 -1
67 -1
27 -1
57 -1
43 -1
-1 39
14 -1
-1 41
4 -1
-1 57
13 -1
-1 41
-1 37
-1 6
-1 37
2 -1
-1 33
57 -1
-1 65
9 -1
-1 62
-1 53
-1 2
53 -1
-1 36
-1 21
-1 16
17 -1
19 -1
-1 33
34 -1
-1 14
-1 24
55 -1
29 -1
-1 8
30 -1
-1 10
51 -1
-1 26
8 -1
-1 63
-1 20
-1 21
11 -1
56 -1
29 -1
-1 6
-1 65
-1 68
-1 13
-1 17
-1 64
49 -1
-1 33
3 -1
33 -1
-1 64
62 -1
40 -1
-1 27
22 -1
2 -1
-1 61
42 -1
-1 33
-1 44
-1 39
33 -1
-1 40
40 -1
-1 26
-1 8
11 -1
13 -1
-1 15
32 -1
39 -1
-1 10
23 -1
28 -1
-1 46
-1 50
20 -1
31 -1
66 -1
43 -1
-1 59
-1 31
2 -1
-1 13
14 -1
10 -1
-1 65
-1 15
-1 36
67 -1
39 -1
-1 38
61 -1
20 -1
3 -1
18 -1
-1 59
22 -1
13 -1
15 -1
49 -1
-1 59
20 -1
-1 36
-1 30
29 -1
-1 54
-1 16
30 -1
-1 48
-1 36
38 -1
40 -1
-1 9
53 -1
-1 13
15 -1
-1 31
19 -1
15 -1
-1 46
68 -1
-1 63
66 -1
-1 23
54 -1
56 -1
24 -1
29 -1
-1 2
25 -1
20 -1
50 -1
-1 43
-1 45
-1 17
61 -1
17 -1
46 -1
-1 60
37 -1
-1 20
59 -1
-1 54
-1 68
1 -1
66 -1
51 -1
45 -1
-1 20
-1 9
-1 42
-1 36
58 -1
-1 5
-1 65
61 -1
11 -1
61 -1
10 -1
60 -1
9 -1
10 -1
-1 67
44 -1
-1 53
-1 53
-1 57
4 -1
-1 2
-1 58
58 -1
39 -1
9 -1
33 -1
-1 48
-1 11
36 -1
55 -1
-1 10
57 -1
-1 56
49 -1
37 -1
-1 61
19 -1
54 -1
-1 38
-1 43
61 -1
33 -1
50 -1
-1 3
-1 63
24 -1
32 -1
42 -1
54 -1
-1 9
-1 29
-1 28
1 -1
-1 7
-1 15
53 -1
22 -1
18 -1
36 -1
24 -1
-1 63
41 -1
22 -1
-1 46
-1 56
49 -1
51 -1
42 -1
46 -1
62 -1
-1 67
46 -1
-1 3
30 -1
12 -1
-1 20
-1 42
-1 31
4 -1
55 -1
-1 21
3 -1
7 -1
33 -1
-1 58
-1 9
34 -1
57 -1
-1 68
19 -1
12 -1
11 -1
-1 6
16 -1
39 -1
26 -1
51 -1
-1 25
48 -1
-1 51
20 -1
-1 65
29 -1
-1 60
48 -1
-1 60
-1 26
-1 8
51 -1
60 -1
-1 62
-1 51
65 -1
41 -1
-1 42
-1 6
46 -1
60 -1
-1 38
-1 41
-1 3
-1 17
62 -1
22 -1
56 -1
-1 24
-1 67
-1 34
19 -1
-1 38
-1 55
37 -1
-1 46
-1 7
-1 17
4 -1
62 -1
-1 34
8 -1
4 -1
-1 40
8 -1
20 -1
-1 62
23 -1
-1 45
-1 54
-1 48
64 -1
-1 9
-1 53
32 -1
-1 35
-1 15
-1 4
54 -1
61 -1
-1 12
-1 28
13 -1
4 -1
60 -1
-1 35
40 -1
-1 26
-1 25
-1 67
53 -1
14 -1
-1 35
-1 66
61 -1
55 -1
-1 17
33 -1
-1 41
63 -1
26 -1
24 -1
67 -1
32 -1
-1 18
-1 66
44 -1
45 -1
-1 60
17 -1
-1 42
-1 61
56 -1
-1 30
66 -1
22 -1
62 -1
12 -1
-1 37
-1 59
-1 38
-1 60
49 -1
-1 16
2 -1
44 -1
-1 17
31 -1
-1 4
57 -1
-1 63
-1 49
-1 52
-1 44
37 -1
7 -1
64 -1
-1 61
13 -1
-1 18
-1 17
-1 32
-1 10
-1 64
-1 59
-1 44
-1 52
-1 15
10 -1
51 -1
41 -1
28 -1
-1 68
39 -1
-1 43
30 -1
25 -1
-1 22
-1 13
31 -1
62 -1
-1 20
-1 5
-1 2
62 -1
23 -1
7 -1
29 -1
-1 63
-1 50
25 -1
60 -1
-1 30
-1 52
-1 45
26 -1
-1 62
-1 10
34 -1
-1 67
58 -1
-1 50
9 -1
64 -1
-1 44
59 -1
5 -1
34 -1
-1 10
32 -1
-1 23
60 -1
-1 51
-1 52
21 -1
53 -1
27 -1
-1 4
-1 49
25 -1
-1 51
-1 46
-1 1
-1 64
-1 19
-1 54
40 -1
21 -1
-1 43
-1 28
5 -1
49 -1
-1 63
64 -1
19 -1
7 -1
24 -1
12 -1
68 -1
-1 40
44 -1
15 -1
68 -1
-1 35
-1 68
-1 46
22 -1
-1 57
6 -1
-1 59
-1 54
29 -1
42 -1
22 -1
-1 65
33 -1
1 -1
29 -1
3 -1
-1 6
61 -1
-1 12
-1 43
-1 5
-1 36
61 -1
19 -1
-1 8
-1 60
40 -1
43 -1
56 -1
-1 55
31 -1
67 -1
-1 56
11 -1
-1 5
-1 41
-1 62
-1 66
-1 9
29 -1
64 -1
21 -1
-1 20
-1 48
47 -1
-1 1
60 -1
-1 21
13 -1
54 -1
1 -1
-1 46
36 -1
-1 30
7 -1
-1 64
12 -1
65 -1
-1 66
9 -1
-1 14
-1 66
-1 53
48 -1
-1 58
-1 32
-1 8
-1 30
2 -1
10 -1
53 -1
40 -1
50 -1
56 -1
28 -1
18 -1
18 -1
12 -1
68 -1
-1 61
-1 60
46 -1
23 -1
-1 53
21 -1
-1 12
4 -1
-1 31
-1 5
-1 21
20 -1
14 -1
63 -1
42 -1
-1 1
-1 12
-1 43
50 -1
-1 1
6 -1
44 -1
-1 33
-1 3
-1 56
15 -1
41 -1
-1 51
-1 48
-1 54
60 -1
-1 51
24 -1
68 -1
46 -1
-1 54
40 -1
29 -1
-1 49
38 -1
-1 54
68 -1
4 -1
15 -1
4 -1
-1 41
-1 42
24 -1
3 -1
60 -1
49 -1
-1 40
-1 40
41 -1
53 -1
-1 54
51 -1
-1 45
49 -1
-1 5
-1 13
5 -1
30 -1
65 -1
19 -1
17 -1
-1 43
58 -1
-1 41
-1 16
-1 37
26 -1
-1 3
-1 63
8 -1
44 -1
-1 9
-1 37
63 -1
-1 35
-1 19
44 -1
10 -1
-1 62
59 -1
-1 39
41 -1
-1 25
37 -1
-1 7
-1 27
30 -1
60 -1
61 -1
-1 10
-1 66
-1 22
-1 21
58 -1
-1 30
32 -1
-1 58
-1 50
-1 20
-1 24
12 -1
-1 6
-1 52
-1 28
35 -1
-1 40
-1 65
-1 4
-1 5
-1 13
-1 57
40 -1
14 -1
-1 3
-1 39
21 -1
-1 31
22 -1
48 -1
42 -1
37 -1
29 -1
-1 59
6 -1
-1 67
-1 17
-1 36
-1 66
-1 49
-1 66
-1 28
32 -1
-1 2
19 -1
-1 2
37 -1
32 -1
54 -1
-1 38
-1 32
62 -1
-1 43
7 -1
-1 53
68 -1
47 -1
-1 15
64 -1
-1 34
-1 35
-1 18
17 -1
-1 42
-1 18
66 -1
-1 4
-1 66
-1 20
23 -1
22 -1
-1 32
-1 25
57 -1
-1 50
-1 12
-1 39
-1 55
-1 1
-1 38
-1 52
-1 23
7 -1
56 -1
-1 18
38 -1
-1 51
-1 50
-1 50
24 -1
17 -1
39 -1
-1 19
56 -1
48 -1
-1 16
52 -1
66 -1
-1 24
17 -1
61 -1
12 -1
-1 56
65 -1
-1 3
60 -1
-1 62
-1 13
-1 8
-1 42
-1 22
51 -1
10 -1
-1 34
49 -1
37 -1
57 -1
9 -1
-1 30
-1 47
35 -1
-1 34
-1 7
14 -1
-1 66
-1 46
-1 36
-1 60
16 -1
-1 48
52 -1
-1 7
45 -1
-1 21
-1 1
3 -1
10 -1
-1 22
64 -1
28 -1
38 -1
52 -1
-1 45
65 -1
32 -1
41 -1
-1 44
62 -1
24 -1
-1 54
-1 41
-1 8
-1 21
66 -1
-1 10
-1 37
-1 68
13 -1
40 -1
-1 66
-1 15
-1 12
-1 6
-1 51
-1 53
-1 25
-1 10
-1 46
-1 25
-1 38
9 -1
-1 53
-1 67
34 -1
-1 41
-1 13
-1 35
61 -1
-1 11
53 -1
12 -1
20 -1
6 -1
-1 18
-1 26
52 -1
-1 67
-1 50
-1 33
-1 18
55 -1
-1 25
15 -1
6 -1
59 -1
-1 35
-1 44
-1 1
-1 38
-1 6
30 -1
-1 3
