361 19
-1 6
-1 18
-1 9
-1 17
5 -1
3 -1
9 -1
-1 8
3 -1
17 -1
6 -1
-1 3
10 -1
3 -1
17 -1
-1 19
-1 9
18 -1
14 -1
-1 5
19 -1
17 -1
16 -1
-1 19
13 -1
-1 5
-1 2
-1 1
2 -1
18 -1
8 -1
18 -1
-1 16
-1 16
1 -1
5 -1
14 -1
15 -1
-1 2
17 -1
-1 14
-1 15
19 -1
5 -1
-1 9
-1 18
12 -1
8 -1
-1 10
19 -1
-1 8
14 -1
10 -1
-1 1
-1 15
7 -1
14 -1
-1 1
1 -1
13 -1
19 -1
16 -1
-1 17
-1 10
4 -1
11 -1
2 -1
5 -1
-1 13
5 -1
-1 9
18 -1
13 -1
12 -1
-1 11
-1 9
2 -1
-1 11
18 -1
2 -1
13 -1
-1 1
-1 3
16 -1
19 -1
-1 16
-1 5
-1 1
-1 3
2 -1
8 -1
15 -1
-1 6
-1 6
4 -1
12 -1
9 -1
-1 14
10 -1
-1 11
4 -1
11 -1
-1 12
9 -1
-1 3
6 -1
-1 12
7 -1
9 -1
2 -1
-1 15
11 -1
15 -1
-1 3
17 -1
15 -1
2 -1
15 -1
-1 19
12 -1
-1 10
-1 16
-1 9
5 -1
1 -1
5 -1
-1 5
-1 13
1 -1
-1 17
16 -1
-1 1
-1 19
9 -1
-1 2
16 -1
-1 9
-1 10
-1 6
15 -1
-1 11
19 -1
5 -1
10 -1
-1 15
12 -1
11 -1
-1 11
4 -1
-1 9
18 -1
7 -1
13 -1
15 -1
17 -1
12 -1
4 -1
2 -1
15 -1
1 -1
6 -1
15 -1
-1 12
13 -1
19 -1
11 -1
-1 7
12 -1
18 -1
15 -1
11 -1
-1 19
-1 8
7 -1
-1 19
16 -1
12 -1
-1 18
-1 2
-1 5
3 -1
9 -1
9 -1
10 -1
19 -1
18 -1
17 -1
8 -1
16 -1
1 -1
-1 3
-1 11
19 -1
-1 16
5 -1
-1 13
14 -1
17 -1
-1 7
18 -1
16 -1
-1 3
19 -1
16 -1
8 -1
16 -1
17 -1
8 -1
-1 16
2 -1
11 -1
-1 15
10 -1
12 -1
6 -1
2 -1
6 -1
-1 4
17 -1
-1 4
-1 5
-1 12
-1 7
12 -1
16 -1
7 -1
-1 15
13 -1
-1 9
7 -1
-1 14
8 -1
10 -1
14 -1
4 -1
-1 1
10 -1
10 -1
-1 1
11 -1
18 -1
15 -1
-1 9
9 -1
-1 3
1 -1
-1 1
6 -1
14 -1
4 -1
10 -1
-1 18
18 -1
-1 9
15 -1
4 -1
15 -1
-1 4
5 -1
4 -1
13 -1
19 -1
-1 18
5 -1
13 -1
19 -1
7 -1
13 -1
-1 18
-1 19
-1 8
-1 15
10 -1
14 -1
13 -1
13 -1
-1 5
6 -1
-1 1
-1 9
-1 6
10 -1
4 -1
17 -1
-1 9
9 -1
1 -1
-1 18
4 -1
7 -1
12 -1
18 -1
5 -1
15 -1
-1 19
-1 8
14 -1
-1 3
5 -1
1 -1
-1 18
5 -1
4 -1
18 -1
19 -1
13 -1
3 -1
4 -1
18 -1
1 -1
-1 16
-1 2
6 -1
11 -1
-1 8
-1 13
17 -1
4 -1
-1 11
18 -1
10 -1
18 -1
12 -1
11 -1
8 -1
9 -1
9 -1
17 -1
2 -1
-1 7
6 -1
-1 3
14 -1
-1 14
1 -1
9 -1
11 -1
9 -1
19 -1
19 -1
1 -1
17 -1
12 -1
-1 4
4 -1
11 -1
3 -1
9 -1
3 -1
12 -1
14 -1
5 -1
13 -1
-1 15
-1 14
6 -1
9 -1
-1 2
17 -1
13 -1
8 -1
