5737 88162
-1 75833
-1 66424
-1 63097
-1 27333
-1 80298
-1 61241
-1 45195
-1 68956
-1 13278
-1 49333
-1 68773
-1 49575
-1 52519
-1 53540
-1 62569
-1 28719
-1 31146
-1 44065
-1 63227
-1 74923
-1 17880
-1 34274
-1 2336
-1 41125
-1 6203
-1 16145
-1 67167
-1 51698
-1 47386
-1 61373
-1 34639
-1 20781
-1 77654
-1 7535
-1 33830
-1 37753
-1 5987
-1 1306
-1 14699
-1 57814
-1 22419
-1 2190
-1 7302
-1 54682
-1 3573
-1 76238
-1 53438
-1 3395
-1 54745
-1 55217
-1 18337
-1 55631
-1 22292
-1 31675
-1 35909
-1 64992
-1 1970
-1 66256
-1 44511
-1 41892
-1 58071
-1 6336
-1 87753
-1 80944
-1 56439
-1 85049
-1 56310
-1 66770
-1 32553
-1 52709
-1 3853
-1 72401
-1 49356
-1 45294
-1 9241
-1 82350
-1 40174
-1 53049
-1 58209
-1 53088
-1 57700
-1 50700
-1 33864
-1 26384
-1 38088
-1 9962
-1 15953
-1 63806
-1 43342
-1 33712
-1 10057
-1 76763
-1 2130
-1 58765
-1 9435
-1 20050
-1 12385
-1 71620
-1 29405
-1 14298
-1 63006
-1 84951
-1 54199
-1 80892
-1 58094
-1 74602
-1 24250
-1 63069
-1 81334
-1 10827
-1 28044
-1 71201
-1 48965
-1 18720
-1 2061
-1 79995
-1 81013
-1 72208
-1 42119
-1 13952
-1 32509
-1 66753
-1 79326
-1 10969
-1 76150
-1 29259
-1 52752
-1 19084
-1 152
-1 5550
-1 45272
-1 10541
-1 55652
-1 24750
-1 48289
-1 69488
-1 1286
-1 23760
-1 43584
-1 43006
-1 46245
-1 71901
-1 37822
-1 38085
-1 23284
-1 1911
-1 86678
-1 44789
-1 75676
-1 80
-1 57840
-1 52557
-1 4139
-1 85965
-1 13602
-1 17837
-1 31483
-1 45882
-1 31248
-1 28456
-1 13125
-1 37299
-1 10981
-1 47553
-1 43066
-1 70232
-1 9276
-1 37104
-1 29046
-1 15827
-1 38623
-1 50814
-1 14997
-1 45601
-1 56004
-1 7622
-1 26913
-1 11735
-1 79846
-1 86809
-1 47917
-1 85544
-1 19095
-1 81397
-1 863
-1 84178
-1 54092
-1 37674
-1 12157
-1 77687
-1 87287
-1 29352
-1 44081
-1 26342
-1 13743
-1 69405
-1 55435
-1 72333
-1 82549
-1 41371
-1 60759
-1 75111
-1 5407
-1 44075
-1 73916
-1 3931
-1 45976
-1 34522
-1 27228
-1 20966
-1 83808
-1 40533
-1 82724
-1 4441
-1 38800
-1 38662
-1 84
-1 31391
-1 11296
-1 59051
-1 2529
-1 71066
-1 74206
-1 21962
-1 82804
-1 58664
-1 46543
-1 24222
-1 82184
-1 60039
-1 66726
-1 5001
-1 6187
-1 87747
-1 44093
-1 57577
-1 24918
-1 79067
-1 59653
-1 48059
-1 23616
-1 77705
-1 13309
-1 83792
-1 14120
-1 7314
-1 31621
-1 33480
-1 35712
-1 7114
-1 21739
-1 13026
-1 65752
-1 80707
-1 20245
-1 51025
-1 50003
-1 45330
-1 53042
-1 49813
-1 64155
-1 71597
-1 12024
-1 2363
-1 5964
-1 32031
-1 68714
-1 43370
-1 17474
-1 3062
-1 20438
-1 80123
-1 87113
-1 56415
-1 80161
-1 8018
-1 53922
-1 70588
-1 37487
-1 60213
-1 66170
-1 5697
-1 84852
-1 27798
-1 17053
-1 20889
-1 37923
-1 68092
-1 33340
-1 38218
-1 84917
-1 48304
-1 53007
-1 54483
-1 80930
-1 51919
-1 50774
-1 35428
-1 30345
-1 2614
-1 14487
-1 63705
-1 17434
-1 3671
-1 72866
-1 16672
-1 48338
-1 62418
-1 5671
-1 35318
-1 55111
-1 42306
-1 59568
-1 8898
-1 21713
-1 37679
-1 58601
-1 17112
-1 36975
-1 11551
-1 18321
-1 20102
-1 59486
-1 29713
-1 80963
-1 53380
-1 84213
-1 87906
-1 11120
-1 9511
-1 55377
-1 69670
-1 46240
-1 13293
-1 29514
-1 16052
-1 28936
-1 4380
-1 66698
-1 58195
-1 388
-1 6736
-1 24974
-1 73921
-1 66874
-1 75767
-1 78732
-1 12802
-1 72808
-1 79558
-1 87315
-1 58907
-1 35161
-1 82150
-1 17762
-1 56306
-1 53391
-1 83529
-1 78596
-1 42511
-1 60264
-1 85499
-1 64823
-1 27533
-1 16358
-1 12495
-1 73624
-1 77547
-1 77879
-1 62015
-1 74974
-1 18287
-1 20348
-1 81768
-1 69487
-1 14463
-1 45965
-1 37048
-1 75768
-1 22696
-1 39776
-1 40201
-1 76915
-1 11988
-1 25256
-1 40196
-1 81869
-1 56338
-1 39500
-1 87447
-1 3134
-1 24043
-1 34018
-1 87454
-1 23083
-1 686
-1 65073
-1 69773
-1 33196
-1 10493
-1 58159
-1 4106
-1 38637
-1 51262
-1 38629
-1 26620
-1 55855
-1 2548
-1 52610
-1 81986
-1 85925
-1 4563
-1 68842
-1 2951
-1 61593
-1 16183
-1 2064
-1 43140
-1 30773
-1 71703
-1 10148
-1 19414
-1 44397
-1 79338
-1 21850
-1 39812
-1 24977
-1 54531
-1 73845
-1 3010
-1 20386
-1 69180
-1 60275
-1 34168
-1 61872
-1 42539
-1 8299
-1 42773
-1 13205
-1 15495
-1 39214
-1 68399
-1 39201
-1 46905
-1 83298
-1 41777
-1 32292
-1 6737
-1 35879
-1 9072
-1 17097
-1 22002
-1 71005
-1 76112
-1 11563
-1 72226
-1 5986
-1 80158
-1 33998
-1 77079
-1 37106
-1 82203
-1 12744
-1 20898
-1 73144
-1 69725
-1 10122
-1 60982
-1 26849
-1 38788
-1 43804
-1 65787
-1 19509
-1 71238
-1 61715
-1 21642
-1 3554
-1 27971
-1 38339
-1 44636
-1 68997
-1 55231
-1 85579
-1 54651
-1 15900
-1 1768
-1 20649
-1 45634
-1 58537
-1 58470
-1 22437
-1 34417
-1 29102
-1 83742
-1 17139
-1 47808
-1 57083
-1 45579
-1 47687
-1 39699
-1 43247
-1 67689
-1 7780
-1 78481
-1 57958
-1 4057
-1 17744
-1 77405
-1 41443
-1 31783
-1 58324
-1 30138
-1 34097
-1 25766
-1 66112
-1 30573
-1 65200
-1 17605
-1 48649
-1 21564
-1 36466
-1 11757
-1 37211
-1 59258
-1 65233
-1 88066
-1 37838
-1 16537
-1 25261
-1 17558
-1 43913
-1 12114
-1 78750
-1 29748
-1 77992
-1 83529
-1 41196
-1 67112
-1 24726
-1 67316
-1 28652
-1 13560
-1 76876
-1 41036
-1 66567
-1 43074
-1 71718
-1 65268
-1 72628
-1 41842
-1 40257
-1 69786
-1 84168
-1 23384
-1 62657
-1 55761
-1 10343
-1 73663
-1 50345
-1 50968
-1 7095
-1 16296
-1 59179
-1 53131
-1 274
-1 3615
-1 24626
-1 46666
-1 37463
-1 56567
-1 67698
-1 719
-1 7275
-1 72771
-1 45721
-1 87309
-1 42952
-1 75072
-1 77551
-1 22404
-1 36658
-1 81511
-1 78398
-1 3456
-1 11638
-1 9896
-1 70684
-1 26454
-1 46173
-1 13448
-1 14718
-1 19929
-1 33366
-1 35607
-1 25830
-1 62482
-1 27629
-1 57185
-1 83340
-1 70564
-1 13429
-1 155
-1 23313
-1 67005
-1 42124
-1 54079
-1 87753
-1 12798
-1 57390
-1 58399
-1 77250
-1 77963
-1 62928
-1 48065
-1 47831
-1 80662
-1 27883
-1 1109
-1 68726
-1 48560
-1 65530
-1 73952
-1 44578
-1 13499
-1 59035
-1 39295
-1 72881
-1 73923
-1 25787
-1 50613
-1 28136
-1 65203
-1 37428
-1 51334
-1 58882
-1 15011
-1 49956
-1 53869
-1 16071
-1 70681
-1 60585
-1 85178
-1 46129
-1 44206
-1 22417
-1 53787
-1 81221
-1 40477
-1 44207
-1 17764
-1 17959
-1 29669
-1 21983
-1 8723
-1 74286
-1 61995
-1 74960
-1 73152
-1 80209
-1 15612
-1 59729
-1 65497
-1 28315
-1 47876
-1 63070
-1 4753
-1 58242
-1 53143
-1 48864
-1 30359
-1 19403
-1 78040
-1 10515
-1 52924
-1 31866
-1 54703
-1 12136
-1 80338
-1 34634
-1 7738
-1 70143
-1 87559
-1 23793
-1 49216
-1 12334
-1 66768
-1 79167
-1 67951
-1 54174
-1 81294
-1 71821
-1 56586
-1 6534
-1 14767
-1 8302
-1 48157
-1 48008
-1 48363
-1 80145
-1 77245
-1 440
-1 63495
-1 37472
-1 44180
-1 7705
-1 38197
-1 25542
-1 4747
-1 54706
-1 86901
-1 56291
-1 26928
-1 14734
-1 32133
-1 30363
-1 59498
-1 22097
-1 42136
-1 24796
-1 39377
-1 73088
-1 82211
-1 24779
-1 27222
-1 48274
-1 13192
-1 50989
-1 50735
-1 71413
-1 65941
-1 82247
-1 21423
-1 86511
-1 32299
-1 74804
-1 63618
-1 53066
-1 52227
-1 30367
-1 24204
-1 3164
-1 13903
-1 16789
-1 47898
-1 47623
-1 70720
-1 21818
-1 84978
-1 11615
-1 9377
-1 6856
-1 6118
-1 42668
-1 28147
-1 24347
-1 12794
-1 25016
-1 10298
-1 60526
-1 69324
-1 66332
-1 45046
-1 3208
-1 67406
-1 66931
-1 22601
-1 79078
-1 14853
-1 9769
-1 59311
-1 13138
-1 86673
-1 51681
-1 79174
-1 15339
-1 78280
-1 3162
-1 46471
-1 10314
-1 42828
-1 35594
-1 21483
-1 20129
-1 21261
-1 70687
-1 34336
-1 83687
-1 23397
-1 21982
-1 35786
-1 84486
-1 4820
-1 71188
-1 63554
-1 2531
-1 82270
-1 603
-1 7093
-1 972
-1 17227
-1 54925
-1 85327
-1 84227
-1 43625
-1 5429
-1 24066
-1 35001
-1 81863
-1 70038
-1 84351
-1 74787
-1 67425
-1 87307
-1 11420
-1 43463
-1 136
-1 71640
-1 38404
-1 63042
-1 50036
-1 43305
-1 66528
-1 49519
-1 11840
-1 74004
-1 73965
-1 41691
-1 56695
-1 59303
-1 76914
-1 68667
-1 57175
-1 40276
-1 81342
-1 17999
-1 35774
-1 86633
-1 72593
-1 6515
-1 32264
-1 82411
-1 27249
-1 55064
-1 4851
-1 69520
-1 51139
-1 8008
-1 20410
-1 41453
-1 38651
-1 42902
-1 38201
-1 70376
-1 66203
-1 2443
-1 54185
-1 75728
-1 29647
-1 43363
-1 62061
-1 74084
-1 46763
-1 32215
-1 76169
-1 84073
-1 57803
-1 28994
-1 32639
-1 84689
-1 86223
-1 60185
-1 9526
-1 48523
-1 1045
-1 68635
-1 45080
-1 79712
-1 44676
-1 27237
-1 63566
-1 25586
-1 15472
-1 2772
-1 57707
-1 25469
-1 73728
-1 12244
-1 9531
-1 47553
-1 26976
-1 69155
-1 48061
-1 15100
-1 38967
-1 77715
-1 75756
-1 86990
-1 60072
-1 14863
-1 46909
-1 11846
-1 56854
-1 43583
-1 4785
-1 51975
-1 8245
-1 50988
-1 70664
-1 37891
-1 42345
-1 53198
-1 45390
-1 48835
-1 5114
-1 72801
-1 69987
-1 84050
-1 32754
-1 59154
-1 10656
-1 16823
-1 6256
-1 33561
-1 34639
-1 86666
-1 28643
-1 85198
-1 30028
-1 53666
-1 72613
-1 16089
-1 42721
-1 78931
-1 50888
-1 60612
-1 36835
-1 36726
-1 20740
-1 53785
-1 70293
-1 49623
-1 63073
-1 85637
-1 25341
-1 40295
-1 12859
-1 1642
-1 83039
-1 68038
-1 22749
-1 61347
-1 73847
-1 62653
-1 21496
-1 4904
-1 55111
-1 49092
-1 82107
-1 88076
-1 71182
-1 65509
-1 64612
-1 56290
-1 5538
-1 32219
-1 28900
-1 85657
-1 76712
-1 84578
-1 40440
-1 55780
-1 25417
-1 32739
-1 20447
-1 56144
-1 7730
-1 43367
-1 15718
-1 61590
-1 81781
-1 16301
-1 32300
-1 63983
-1 58673
-1 23798
-1 14510
-1 26066
-1 1513
-1 180
-1 28524
-1 2426
-1 40318
-1 73707
-1 31174
-1 10056
-1 35630
-1 21385
-1 44468
-1 534
-1 23751
-1 31878
-1 3819
-1 10308
-1 30378
-1 78925
-1 28507
-1 31060
-1 52995
-1 44202
-1 12496
-1 64023
-1 35139
-1 86982
-1 10553
-1 2646
-1 70054
-1 51576
-1 3500
-1 23525
-1 44374
-1 84093
-1 76034
-1 59932
-1 71131
-1 57696
-1 37033
-1 27947
-1 82491
-1 35296
-1 73049
-1 19940
-1 69276
-1 19341
-1 70977
-1 41206
-1 55368
-1 78342
-1 13317
-1 14809
-1 79029
-1 52506
-1 85913
-1 28534
-1 35222
-1 16575
-1 77550
-1 29228
-1 61255
-1 19523
-1 37949
-1 79914
-1 31294
-1 1334
-1 2860
-1 1047
-1 58263
-1 18700
-1 28556
-1 52106
-1 86464
-1 83517
-1 53041
-1 25851
-1 14859
-1 15319
-1 86870
-1 9707
-1 44503
-1 82096
-1 75143
-1 30920
-1 31811
-1 83009
-1 27686
-1 49958
-1 1687
-1 81968
-1 66349
-1 37427
-1 60589
-1 47356
-1 66278
-1 59673
-1 41011
-1 87068
-1 4790
-1 36472
-1 44137
-1 961
-1 12855
-1 34931
-1 19164
-1 43730
-1 40178
-1 74726
-1 39095
-1 27974
-1 51396
-1 85449
-1 20886
-1 52133
-1 41803
-1 10496
-1 61227
-1 4337
-1 33931
-1 10558
-1 52781
-1 51272
-1 41644
-1 50221
-1 46879
-1 26470
-1 21427
-1 12950
-1 15641
-1 25203
-1 28736
-1 63730
-1 75879
-1 4788
-1 71063
-1 47504
-1 7375
-1 30624
-1 24445
-1 25318
-1 59483
-1 78162
-1 29479
-1 24301
-1 85006
-1 26756
-1 69049
-1 55539
-1 48400
-1 7609
-1 22944
-1 16297
-1 66033
-1 41712
-1 13458
-1 55826
-1 2106
-1 57291
-1 28008
-1 53132
-1 27818
-1 10586
-1 17485
-1 56187
-1 86060
-1 85401
-1 85917
-1 31617
-1 35195
-1 49130
-1 66110
-1 17835
-1 33796
-1 60599
-1 28753
-1 60241
-1 6360
-1 78638
-1 2931
-1 40760
-1 33117
-1 83690
-1 7188
-1 5384
-1 51861
-1 70701
-1 64299
-1 80324
-1 7336
-1 3721
-1 40847
-1 42794
-1 76545
-1 35428
-1 53084
-1 79158
-1 56956
-1 44641
-1 2177
-1 67072
-1 55490
-1 19107
-1 30119
-1 50709
-1 64551
-1 66029
-1 80988
-1 19630
-1 9740
-1 62355
-1 49773
-1 53426
-1 73038
-1 77320
-1 43634
-1 4970
-1 30714
-1 59398
-1 75252
-1 27837
-1 46331
-1 6236
-1 87010
-1 85483
-1 51832
-1 83232
-1 43664
-1 37795
-1 46826
-1 30351
-1 74890
-1 63839
-1 2828
-1 62352
-1 83297
-1 6968
-1 38738
-1 36500
-1 49913
-1 58128
-1 70060
-1 23946
-1 37208
-1 39285
-1 62039
-1 50058
-1 47550
-1 73545
-1 38970
-1 87678
-1 59158
-1 22782
-1 35382
-1 37946
-1 18403
-1 10648
-1 25217
-1 24886
-1 80306
-1 9644
-1 77298
-1 48290
-1 21647
-1 25250
-1 45341
-1 2698
-1 16197
-1 69544
-1 70968
-1 30921
-1 43335
-1 35839
-1 77663
-1 27720
-1 27316
-1 62046
-1 56564
-1 73070
-1 49066
-1 43027
-1 37562
-1 81992
-1 31320
-1 59663
-1 3339
-1 28625
-1 4208
-1 43775
-1 68713
-1 27066
-1 20478
-1 63224
-1 51661
-1 4624
-1 54206
-1 72437
-1 17920
-1 783
-1 358
-1 73639
-1 80610
-1 43533
-1 56847
-1 61242
-1 22134
-1 14248
-1 80715
-1 56782
-1 25987
-1 16006
-1 33409
-1 85980
-1 30569
-1 19383
-1 39612
-1 48214
-1 5625
-1 35216
-1 69143
-1 61667
-1 15893
-1 9283
-1 31547
-1 45356
-1 73178
-1 66020
-1 49514
-1 27656
-1 83323
-1 74069
-1 60939
-1 86631
-1 2744
-1 22273
-1 39791
-1 24367
-1 49310
-1 40716
-1 65390
-1 84779
-1 13793
-1 5042
-1 53072
-1 31439
-1 57499
-1 5339
-1 43015
-1 39456
-1 64875
-1 14866
-1 70519
-1 49565
-1 18407
-1 61837
-1 34301
-1 20578
-1 45650
-1 82711
-1 80558
-1 80002
-1 35395
-1 67911
-1 41988
-1 49567
-1 76963
-1 22839
-1 72510
-1 58963
-1 63612
-1 43849
-1 45200
-1 68769
-1 5623
-1 3043
-1 11927
-1 1298
-1 30414
-1 21517
-1 31597
-1 37501
-1 66069
-1 18837
-1 10299
-1 73988
-1 86588
-1 71938
-1 10060
-1 54276
-1 73218
-1 70661
-1 61685
-1 43275
-1 44520
-1 42281
-1 38599
-1 45451
-1 67381
-1 11711
-1 69247
-1 15931
-1 46866
-1 20573
-1 45034
-1 8460
-1 7790
-1 45805
-1 27746
-1 32377
-1 21072
-1 73937
-1 27392
-1 21004
-1 28484
-1 1385
-1 81926
-1 23438
-1 1315
-1 27665
-1 18654
-1 71011
-1 36273
-1 70951
-1 7031
-1 85607
-1 50204
-1 86242
-1 44650
-1 87493
-1 62216
-1 23260
-1 46490
-1 85587
-1 40520
-1 82096
-1 81412
-1 13120
-1 10049
-1 38268
-1 15534
-1 54988
-1 57883
-1 32237
-1 73630
-1 7605
-1 59806
-1 59298
-1 38007
-1 33886
-1 28953
-1 25896
-1 39386
-1 71954
-1 82372
-1 23489
-1 75995
-1 66027
-1 9256
-1 4779
-1 24756
-1 33658
-1 40020
-1 16254
-1 27512
-1 58275
-1 14145
-1 35233
-1 50055
-1 32225
-1 51775
-1 10364
-1 29408
-1 12927
-1 38660
-1 44900
-1 19534
-1 9815
-1 43387
-1 34603
-1 15471
-1 78987
-1 25233
-1 2764
-1 82394
-1 68869
-1 62633
-1 35495
-1 18169
-1 84081
-1 65063
-1 10318
-1 78485
-1 70710
-1 16834
-1 67696
-1 39732
-1 7076
-1 58858
-1 74010
-1 80436
-1 71584
-1 9640
-1 27342
-1 75005
-1 15985
-1 75164
-1 42760
-1 82936
-1 38203
-1 41016
-1 14416
-1 74704
-1 5327
-1 13922
-1 78950
-1 58972
-1 74855
-1 52852
-1 76501
-1 36312
-1 60198
-1 84975
-1 3407
-1 41736
-1 37825
-1 45058
-1 68583
-1 5690
-1 27261
-1 6037
-1 55213
-1 76716
-1 61936
-1 87028
-1 76755
-1 4843
-1 49582
-1 77486
-1 22666
-1 30686
-1 8568
-1 25365
-1 64911
-1 55229
-1 25619
-1 1985
-1 20226
-1 73347
-1 37919
-1 16025
-1 86009
-1 60568
-1 30441
-1 3428
-1 25727
-1 74006
-1 58642
-1 35401
-1 28021
-1 70450
-1 77873
-1 55474
-1 20300
-1 50743
-1 34163
-1 8763
-1 18197
-1 46039
-1 26774
-1 21695
-1 79947
-1 5175
-1 12316
-1 29857
-1 68829
-1 34410
-1 32007
-1 66243
-1 31413
-1 868
-1 30931
-1 58120
-1 49915
-1 47133
-1 73186
-1 53649
-1 23755
-1 75884
-1 56059
-1 76018
-1 65776
-1 9251
-1 17495
-1 39656
-1 34218
-1 33850
-1 35097
-1 86817
-1 29598
-1 61129
-1 2749
-1 44073
-1 49584
-1 32041
-1 87992
-1 79535
-1 45003
-1 49035
-1 68673
-1 76422
-1 55543
-1 10802
-1 25311
-1 15664
-1 53590
-1 10738
-1 79989
-1 84823
-1 21054
-1 41802
-1 77025
-1 8374
-1 74719
-1 37421
-1 16085
-1 86560
-1 48833
-1 5676
-1 33616
-1 74824
-1 33655
-1 46223
-1 8216
-1 17548
-1 76676
-1 16006
-1 22054
-1 7622
-1 18771
-1 15679
-1 45220
-1 35220
-1 65224
-1 37567
-1 71476
-1 52538
-1 36512
-1 16794
-1 48964
-1 5735
-1 7278
-1 49228
-1 80636
-1 67930
-1 4442
-1 29777
-1 58669
-1 80387
-1 66021
-1 16105
-1 16946
-1 50855
-1 66886
-1 21799
-1 58834
-1 41163
-1 24411
-1 83379
-1 29850
-1 42638
-1 14253
-1 40971
-1 83036
-1 77946
-1 29052
-1 43163
-1 3732
-1 54996
-1 29375
-1 19162
-1 74355
-1 32862
-1 44330
-1 6255
-1 21290
-1 13910
-1 5969
-1 71049
-1 40925
-1 51414
-1 41924
-1 82481
-1 4728
-1 83081
-1 70881
-1 20421
-1 24630
-1 58919
-1 69439
-1 77648
-1 20087
-1 28246
-1 58221
-1 62151
-1 11791
-1 85404
-1 35690
-1 10176
-1 46405
-1 56292
-1 74381
-1 8312
-1 27653
-1 42860
-1 13988
-1 26374
-1 43866
-1 30042
-1 22800
-1 63
-1 42211
-1 41017
-1 32727
-1 66967
-1 61510
-1 8786
-1 63367
-1 16829
-1 47137
-1 1342
-1 8279
-1 73154
-1 31713
-1 9351
-1 70066
-1 75819
-1 88074
-1 66509
-1 70556
-1 84568
-1 54655
-1 70678
-1 18404
-1 44838
-1 10702
-1 60727
-1 59636
-1 76547
-1 17544
-1 16535
-1 8619
-1 62268
-1 63159
-1 85450
-1 36131
-1 68849
-1 73713
-1 4263
-1 22120
-1 11249
-1 12090
-1 84552
-1 54071
-1 23249
-1 2812
-1 56303
-1 28013
-1 74983
-1 33934
-1 5585
-1 34061
-1 49519
-1 63998
-1 76329
-1 46515
-1 60613
-1 29690
-1 70076
-1 53035
-1 39251
-1 20779
-1 48525
-1 78668
-1 60922
-1 6512
-1 85804
-1 50421
-1 67149
-1 32375
-1 29852
-1 27170
-1 2506
-1 355
-1 749
-1 83800
-1 15463
-1 64290
-1 13089
-1 52546
-1 43734
-1 40072
-1 79738
-1 60524
-1 61502
-1 87248
-1 59381
-1 56227
-1 71057
-1 47946
-1 63275
-1 60156
-1 52313
-1 53696
-1 15098
-1 87150
-1 57631
-1 77104
-1 87341
-1 61018
-1 71735
-1 18801
-1 29054
-1 76487
-1 49559
-1 3905
-1 38263
-1 58514
-1 77528
-1 76263
-1 79144
-1 30044
-1 40190
-1 58661
-1 57790
-1 63018
-1 69637
-1 75015
-1 41760
-1 75272
-1 61743
-1 36847
-1 28160
-1 47045
-1 49156
-1 28414
-1 28549
-1 12723
-1 42475
-1 59017
-1 47855
-1 10548
-1 71360
-1 10300
-1 82542
-1 39521
-1 73987
-1 80297
-1 50003
-1 66727
-1 23221
-1 56168
-1 35459
-1 87744
-1 36667
-1 49587
-1 6369
-1 11899
-1 27164
-1 84985
-1 56150
-1 32760
-1 39983
-1 13638
-1 56421
-1 88065
-1 11383
-1 29744
-1 54776
-1 3265
-1 8454
-1 2945
-1 49400
-1 58739
-1 56976
-1 49917
-1 21822
-1 6835
-1 49610
-1 78870
-1 7762
-1 70888
-1 17229
-1 39055
-1 7039
-1 14639
-1 55507
-1 66114
-1 5680
-1 17362
-1 3797
-1 40453
-1 11084
-1 58250
-1 62873
-1 46137
-1 84007
-1 32591
-1 24541
-1 66292
-1 74470
-1 14730
-1 71932
-1 84090
-1 62616
-1 34198
-1 4409
-1 81263
-1 72265
-1 11778
-1 63732
-1 73061
-1 25034
-1 82382
-1 87540
-1 63104
-1 44535
-1 22635
-1 1269
-1 78476
-1 32164
-1 79667
-1 46231
-1 40618
-1 34040
-1 66010
-1 19246
-1 86462
-1 39709
-1 9164
-1 72346
-1 67495
-1 73115
-1 29699
-1 65281
-1 83756
-1 47358
-1 8960
-1 62639
-1 4586
-1 42393
-1 41333
-1 87646
-1 12108
-1 55036
-1 70872
-1 44161
-1 68627
-1 19309
-1 66728
-1 17773
-1 57873
-1 41723
-1 44486
-1 65365
-1 68354
-1 19798
-1 75429
-1 60032
-1 57289
-1 18977
-1 76626
-1 25254
-1 49809
-1 12811
-1 13554
-1 70721
-1 68704
-1 80146
-1 5647
-1 35477
-1 69311
-1 55885
-1 57519
-1 688
-1 22630
-1 13405
-1 35136
-1 86307
-1 60894
-1 70412
-1 25246
-1 15943
-1 81457
-1 17749
-1 42875
-1 62204
-1 11227
-1 85086
-1 43734
-1 53156
-1 16611
-1 30281
-1 85699
-1 55781
-1 72167
-1 49059
-1 83314
-1 51431
-1 82322
-1 79197
-1 60376
-1 23325
-1 22847
-1 13280
-1 27433
-1 70867
-1 40116
-1 27836
-1 58672
-1 67501
-1 7828
-1 64196
-1 33617
-1 46728
-1 33175
-1 23553
-1 1993
-1 57844
-1 79712
-1 81940
-1 20766
-1 19573
-1 55625
-1 81758
-1 24324
-1 10437
-1 31717
-1 18906
-1 86158
-1 17444
-1 34721
-1 18038
-1 19003
-1 12059
-1 71514
-1 83319
-1 12611
-1 5532
-1 9429
-1 38661
-1 15697
-1 65379
-1 16246
-1 85449
-1 42031
-1 52153
-1 55088
-1 42344
-1 69585
-1 48019
-1 29217
-1 20967
-1 62108
-1 52994
-1 65279
-1 53708
-1 46761
-1 1507
-1 50917
-1 87086
-1 85948
-1 57162
-1 51218
-1 78791
-1 36684
-1 30150
-1 71788
-1 31951
-1 71367
-1 11793
-1 3075
-1 43629
-1 73395
-1 21079
-1 38842
-1 10625
-1 71854
-1 67669
-1 34995
-1 2814
-1 64615
-1 32146
-1 47131
-1 32149
-1 60931
-1 24432
-1 13439
-1 83543
-1 71373
-1 56593
-1 82415
-1 30530
-1 70425
-1 17223
-1 36741
-1 46713
-1 39672
-1 25138
-1 53798
-1 4599
-1 42269
-1 25286
-1 38866
-1 105
-1 34070
-1 8098
-1 11498
-1 9130
-1 9750
-1 48608
-1 23467
-1 85128
-1 62015
-1 331
-1 3569
-1 18291
-1 22009
-1 87775
-1 58970
-1 23551
-1 47126
-1 1392
-1 65287
-1 37482
-1 27611
-1 24031
-1 41704
-1 16560
-1 15573
-1 68186
-1 31198
-1 73247
-1 33348
-1 26314
-1 70270
-1 66859
-1 4619
-1 30724
-1 63055
-1 10868
-1 55341
-1 38149
-1 33946
-1 36356
-1 38863
-1 26008
-1 58932
-1 51743
-1 18486
-1 34828
-1 11123
-1 882
-1 82860
-1 74048
-1 58458
-1 58096
-1 17038
-1 77450
-1 67767
-1 14379
-1 17815
-1 40711
-1 13146
-1 54359
-1 22274
-1 48364
-1 39787
-1 58633
-1 712
-1 56727
-1 54031
-1 55512
-1 75860
-1 29658
-1 62257
-1 26703
-1 34467
-1 46496
-1 58023
-1 76239
-1 16307
-1 56739
-1 35472
-1 72881
-1 52043
-1 60634
-1 4849
-1 67658
-1 11573
-1 33577
-1 64253
-1 63236
-1 6444
-1 43157
-1 48949
-1 45855
-1 367
-1 62573
-1 49886
-1 78939
-1 84822
-1 22854
-1 27939
-1 29697
-1 87328
-1 39205
-1 58417
-1 60488
-1 48029
-1 83917
-1 851
-1 47985
-1 48483
-1 76653
-1 81331
-1 28205
-1 80692
-1 1322
-1 52443
-1 49985
-1 80665
-1 30038
-1 13417
-1 88003
-1 21213
-1 12454
-1 78899
-1 68643
-1 74787
-1 51279
-1 6054
-1 23537
-1 32386
-1 67781
-1 36406
-1 62241
-1 18597
-1 83104
-1 81877
-1 19284
-1 65714
-1 25757
-1 76684
-1 22144
-1 39056
-1 12519
-1 40791
-1 333
-1 8563
-1 82261
-1 38067
-1 29956
-1 10321
-1 66239
-1 63996
-1 23078
-1 29715
-1 66826
-1 34406
-1 5982
-1 25053
-1 61770
-1 79069
-1 59661
-1 4766
-1 75009
-1 27063
-1 47812
-1 80675
-1 65224
-1 46926
-1 34060
-1 31062
-1 16674
-1 78316
-1 69222
-1 53055
-1 78203
-1 74441
-1 82009
-1 38990
-1 16160
-1 15894
-1 49796
-1 72616
-1 79873
-1 14149
-1 34965
-1 33359
-1 51801
-1 21709
-1 23540
-1 12210
-1 77781
-1 52164
-1 50237
-1 84598
-1 13351
-1 8972
-1 68951
-1 7274
-1 27863
-1 9846
-1 8832
-1 26092
-1 22428
-1 82822
-1 46009
-1 65190
-1 8310
-1 66717
-1 77290
-1 80727
-1 23797
-1 38521
-1 30555
-1 39962
-1 17707
-1 6446
-1 8852
-1 29185
-1 30600
-1 73257
-1 59643
-1 84930
-1 37063
-1 33504
-1 11284
-1 16182
-1 55718
-1 81582
-1 26421
-1 28152
-1 50587
-1 87104
-1 58253
-1 58616
-1 64304
-1 24824
-1 39415
-1 38937
-1 72806
-1 2911
-1 25764
-1 20180
-1 21025
-1 40442
-1 17174
-1 76384
-1 62082
-1 35950
-1 39941
-1 35462
-1 79142
-1 72007
-1 74881
-1 63468
-1 73474
-1 43230
-1 40489
-1 45248
-1 22045
-1 19316
-1 12693
-1 25416
-1 27081
-1 11362
-1 83987
-1 72096
-1 83533
-1 57746
-1 40779
-1 27417
-1 4964
-1 84840
-1 16411
-1 59299
-1 23194
-1 23780
-1 27240
-1 20369
-1 3227
-1 2877
-1 9156
-1 1233
-1 79362
-1 36391
-1 76356
-1 63052
-1 87244
-1 69773
-1 11906
-1 383
-1 67048
-1 53245
-1 32071
-1 2808
-1 63575
-1 52626
-1 3110
-1 54787
-1 58657
-1 86226
-1 18893
-1 52151
-1 57779
-1 21882
-1 1649
-1 46850
-1 5977
-1 76801
-1 68697
-1 49660
-1 56478
-1 3269
-1 30726
-1 76538
-1 48371
-1 53397
-1 50452
-1 30877
-1 33957
-1 36380
-1 25832
-1 66368
-1 6563
-1 58235
-1 47391
-1 54728
-1 29287
-1 46452
-1 29320
-1 50118
-1 28333
-1 34876
-1 67577
-1 68617
-1 37215
-1 52417
-1 7097
-1 1171
-1 39042
-1 5815
-1 33721
-1 79973
-1 60732
-1 19038
-1 27644
-1 49476
-1 39206
-1 39323
-1 12396
-1 10801
-1 24660
-1 62122
-1 15277
-1 78507
-1 20779
-1 32353
-1 34063
-1 19719
-1 75994
-1 81862
-1 26610
-1 77903
-1 24417
-1 32001
-1 72749
-1 3483
-1 15765
-1 41261
-1 47481
-1 17281
-1 57025
-1 74652
-1 87505
-1 7547
-1 21342
-1 34782
-1 6890
-1 55908
-1 23471
-1 14370
-1 45619
-1 74431
-1 6041
-1 84045
-1 3266
-1 50252
-1 15732
-1 86724
-1 17113
-1 76989
-1 1038
-1 28373
-1 26883
-1 32760
-1 20594
-1 20345
-1 49554
-1 14592
-1 40703
-1 47663
-1 42416
-1 57062
-1 8070
-1 46833
-1 80871
-1 87695
-1 37473
-1 7222
-1 87715
-1 4118
-1 34656
-1 19433
-1 27275
-1 2541
-1 71601
-1 59201
-1 77944
-1 19007
-1 11975
-1 59420
-1 25384
-1 83798
-1 26972
-1 69016
-1 2401
-1 37670
-1 53187
-1 55471
-1 72301
-1 72712
-1 36137
-1 60723
-1 79523
-1 82413
-1 46725
-1 26065
-1 3073
-1 43395
-1 16595
-1 69762
-1 29576
-1 78045
-1 85721
-1 28507
-1 39889
-1 44720
-1 22378
-1 58462
-1 9561
-1 39646
-1 30218
-1 42841
-1 65527
-1 26333
-1 28668
-1 15888
-1 24823
-1 57294
-1 42457
-1 86156
-1 32789
-1 2640
-1 85297
-1 24841
-1 73209
-1 53974
-1 49474
-1 1856
-1 56488
-1 14155
-1 10281
-1 71771
-1 32282
-1 42924
-1 66127
-1 36896
-1 13358
-1 50292
-1 13199
-1 73658
-1 13771
-1 69384
-1 57216
-1 43497
-1 23035
-1 21973
-1 58715
-1 22996
-1 3188
-1 84091
-1 41509
-1 39813
-1 27074
-1 10877
-1 44444
-1 57997
-1 68710
-1 27394
-1 49030
-1 76383
-1 47506
-1 66299
-1 64405
-1 19240
-1 19554
-1 4405
-1 79123
-1 62633
-1 49371
-1 43788
-1 74733
-1 86677
-1 62206
-1 14995
-1 20546
-1 26358
-1 42342
-1 32198
-1 73704
-1 22213
-1 45851
-1 60230
-1 35713
-1 18825
-1 57798
-1 55204
-1 37749
-1 338
-1 4997
-1 64858
-1 22315
-1 79720
-1 3989
-1 68403
-1 68674
-1 86165
-1 86624
-1 65772
-1 47936
-1 36560
-1 82314
-1 61866
-1 83125
-1 51439
-1 22497
-1 80857
-1 45342
-1 63625
-1 38368
-1 65626
-1 66139
-1 61981
-1 22188
-1 49512
-1 56604
-1 60941
-1 77479
-1 28553
-1 1613
-1 33862
-1 30063
-1 63723
-1 45942
-1 14718
-1 50268
-1 58312
-1 73510
-1 30210
-1 34151
-1 62398
-1 29873
-1 66010
-1 39378
-1 21047
-1 17495
-1 41819
-1 26626
-1 3824
-1 79516
-1 71107
-1 17227
-1 46582
-1 52187
-1 61720
-1 78486
-1 62106
-1 72801
-1 58927
-1 54410
-1 52129
-1 21023
-1 12283
-1 33045
-1 42728
-1 49979
-1 38113
-1 6399
-1 54708
-1 4438
-1 76626
-1 82179
-1 35022
-1 40000
-1 31117
-1 51896
-1 70574
-1 2237
-1 49876
-1 74534
-1 16471
-1 28663
-1 58834
-1 61282
-1 41565
-1 52742
-1 79634
-1 72155
-1 30576
-1 60197
-1 48402
-1 54832
-1 76294
-1 28140
-1 19311
-1 8893
-1 1860
-1 43243
-1 75611
-1 25192
-1 66599
-1 15223
-1 80181
-1 28966
-1 17099
-1 26410
-1 66286
-1 53852
-1 76701
-1 10413
-1 25486
-1 75888
-1 55677
-1 31557
-1 4928
-1 8767
-1 25259
-1 36300
-1 68033
-1 57997
-1 45711
-1 79031
-1 86253
-1 85200
-1 83926
-1 30410
-1 16235
-1 85494
-1 8420
-1 7682
-1 24443
-1 16174
-1 84428
-1 67252
-1 21422
-1 13573
-1 46907
-1 14277
-1 43808
-1 59032
-1 36254
-1 54497
-1 46943
-1 85176
-1 48713
-1 49448
-1 41586
-1 25772
-1 3596
-1 20437
-1 65470
-1 27624
-1 13162
-1 54066
-1 86817
-1 61029
-1 62788
-1 50235
-1 5266
-1 87795
-1 57429
-1 81580
-1 50840
-1 56708
-1 69319
-1 68033
-1 82841
-1 32967
-1 5523
-1 56945
-1 81874
-1 50761
-1 24462
-1 5692
-1 57506
-1 33893
-1 26911
-1 76978
-1 19919
-1 25154
-1 36902
-1 72012
-1 77150
-1 83961
-1 38104
-1 22210
-1 48588
-1 11155
-1 475
-1 14623
-1 75843
-1 26313
-1 24690
-1 64135
-1 82226
-1 41174
-1 37801
-1 66595
-1 72955
-1 53043
-1 12076
-1 61503
-1 66587
-1 19153
-1 25714
-1 1385
-1 68160
-1 42753
-1 62746
-1 50864
-1 25495
-1 14991
-1 61865
-1 25032
-1 5483
-1 66585
-1 69798
-1 37992
-1 4916
-1 34499
-1 1665
-1 79604
-1 15770
-1 25978
-1 36802
-1 58466
-1 48171
-1 80962
-1 14863
-1 40890
-1 81207
-1 30811
-1 28335
-1 66194
-1 53905
-1 22392
-1 713
-1 78552
-1 73021
-1 63536
-1 82270
-1 73181
-1 82989
-1 12277
-1 55225
-1 32836
-1 85225
-1 5183
-1 20600
-1 47581
-1 65593
-1 75079
-1 42354
-1 78230
-1 11005
-1 55646
-1 63070
-1 64357
-1 71148
-1 12805
-1 31086
-1 69766
-1 4577
-1 50957
-1 25576
-1 81121
-1 8276
-1 24891
-1 56913
-1 46829
-1 28840
-1 4954
-1 51972
-1 43359
-1 10812
-1 4051
-1 53438
-1 51346
-1 62696
-1 46053
-1 84373
-1 69834
-1 32769
-1 69229
-1 32521
-1 29275
-1 66487
-1 17627
-1 19101
-1 51263
-1 37263
-1 58771
-1 26170
-1 22621
-1 55526
-1 66078
-1 25649
-1 75103
-1 15288
-1 71965
-1 72211
-1 34233
-1 40635
-1 7348
-1 24705
-1 63172
-1 53845
-1 44797
-1 4747
-1 78810
-1 56380
-1 11067
-1 985
-1 62003
-1 62187
-1 17995
-1 38663
-1 27170
-1 5956
-1 3499
-1 57994
-1 56581
-1 39121
-1 66666
-1 14578
-1 38899
-1 57999
-1 11302
-1 80158
-1 68269
-1 39228
-1 51616
-1 65730
-1 21223
-1 47657
-1 17861
-1 78482
-1 21473
-1 82820
-1 11280
-1 47792
-1 79910
-1 46896
-1 45751
-1 5394
-1 11773
-1 74995
-1 18156
-1 15873
-1 8465
-1 83268
-1 34747
-1 38368
-1 42047
-1 72821
-1 65043
-1 60896
-1 35698
-1 45737
-1 9876
-1 48032
-1 10824
-1 4810
-1 61983
-1 51425
-1 82313
-1 81219
-1 5989
-1 34810
-1 74991
-1 19684
-1 8243
-1 85650
-1 12885
-1 45673
-1 11591
-1 6544
-1 78264
-1 39243
-1 57623
-1 47223
-1 63241
-1 38496
-1 40023
-1 29538
-1 87839
-1 35538
-1 35387
-1 23568
-1 51120
-1 46978
-1 81050
-1 23398
-1 69700
-1 45089
-1 43634
-1 79795
-1 73695
-1 49032
-1 86183
-1 63198
-1 82879
-1 58113
-1 81696
-1 62956
-1 19268
-1 62469
-1 23433
-1 26179
-1 2387
-1 19158
-1 25359
-1 44681
-1 14422
-1 22713
-1 40842
-1 46955
-1 5354
-1 52578
-1 69249
-1 23609
-1 4115
-1 45558
-1 9288
-1 2352
-1 18532
-1 53182
-1 81629
-1 67445
-1 75344
-1 73015
-1 27415
-1 55828
-1 86395
-1 80325
-1 54578
-1 11484
-1 51045
-1 65023
-1 17377
-1 56968
-1 53611
-1 18030
-1 2767
-1 75335
-1 21282
-1 24324
-1 43561
-1 43080
-1 69656
-1 29527
-1 7712
-1 46889
-1 3104
-1 5047
-1 40743
-1 80817
-1 47985
-1 40107
-1 62572
-1 29120
-1 6954
-1 67293
-1 7618
-1 8872
-1 28449
-1 78126
-1 70722
-1 44832
-1 63010
-1 46860
-1 28227
-1 87866
-1 58034
-1 23854
-1 74921
-1 28173
-1 84620
-1 2184
-1 75908
-1 58725
-1 64948
-1 8338
-1 40807
-1 66369
-1 63698
-1 73212
-1 22402
-1 69773
-1 32727
-1 42702
-1 20427
-1 65931
-1 34631
-1 57042
-1 83468
-1 3302
-1 14277
-1 3485
-1 31845
-1 39569
-1 86711
-1 62922
-1 2769
-1 54901
-1 59243
-1 81701
-1 3668
-1 15256
-1 84366
-1 52295
-1 69460
-1 45664
-1 82496
-1 34986
-1 11596
-1 33501
-1 64565
-1 18708
-1 17923
-1 80819
-1 56874
-1 46389
-1 34589
-1 47679
-1 69744
-1 24349
-1 1699
-1 19790
-1 12192
-1 5962
-1 17124
-1 46240
-1 34912
-1 48584
-1 5344
-1 49960
-1 40315
-1 31536
-1 70598
-1 48796
-1 26905
-1 80308
-1 54849
-1 52736
-1 2083
-1 35913
-1 69851
-1 27598
-1 34693
-1 12598
-1 23167
-1 6212
-1 59893
-1 15540
-1 44605
-1 77202
-1 39922
-1 7169
-1 12982
-1 21904
-1 48515
-1 4006
-1 40253
-1 39402
-1 13153
-1 71402
-1 42582
-1 18549
-1 81667
-1 8020
-1 850
-1 82410
-1 54708
-1 37899
-1 48701
-1 51846
-1 81028
-1 64951
-1 57805
-1 72063
-1 83803
-1 79589
-1 6079
-1 67879
-1 47696
-1 54704
-1 30709
-1 65228
-1 70723
-1 41114
-1 20118
-1 16633
-1 86568
-1 41131
-1 78082
-1 81518
-1 39186
-1 12099
-1 43254
-1 3224
-1 22195
-1 4576
-1 68881
-1 71177
-1 28159
-1 72986
-1 12587
-1 53937
-1 25794
-1 16614
-1 11688
-1 84971
-1 63194
-1 76790
-1 31258
-1 25999
-1 12672
-1 70591
-1 51396
-1 76656
-1 13299
-1 33555
-1 68225
-1 85676
-1 39279
-1 3009
-1 48451
-1 37917
-1 55830
-1 44578
-1 48372
-1 32854
-1 10641
-1 59005
-1 78099
-1 9068
-1 14222
-1 40571
-1 71897
-1 38925
-1 41222
-1 39229
-1 87561
-1 66375
-1 20387
-1 53457
-1 32638
-1 55497
-1 22048
-1 57452
-1 18101
-1 72674
-1 70598
-1 61863
-1 25040
-1 70117
-1 47949
-1 22535
-1 72084
-1 54660
-1 60020
-1 82632
-1 43217
-1 58553
-1 79501
-1 70192
-1 49415
-1 86711
-1 20116
-1 81533
-1 25489
-1 21281
-1 52197
-1 10322
-1 53977
-1 58504
-1 33847
-1 56885
-1 33148
-1 34990
-1 79435
-1 27574
-1 67254
-1 2979
-1 82919
-1 1474
-1 53674
-1 7006
-1 23138
-1 31469
-1 35619
-1 84200
-1 6388
-1 41775
-1 35105
-1 286
-1 33129
-1 60052
-1 51605
-1 20245
-1 31470
-1 17622
-1 25978
-1 36643
-1 49503
-1 72985
-1 30826
-1 8621
-1 36778
-1 16989
-1 39340
-1 58709
-1 39954
-1 50779
-1 79262
-1 20727
-1 24779
-1 38175
-1 22717
-1 15029
-1 6703
-1 42943
-1 47770
-1 47457
-1 3232
-1 568
-1 57892
-1 46591
-1 71424
-1 11412
-1 56290
-1 18477
-1 41750
-1 58031
-1 28397
-1 48419
-1 9728
-1 84047
-1 4367
-1 61802
-1 37692
-1 75727
-1 83493
-1 68189
-1 74249
-1 69177
-1 32535
-1 77274
-1 80892
-1 21551
-1 37362
-1 61590
-1 78602
-1 23682
-1 7314
-1 33373
-1 73341
-1 14939
-1 34169
-1 63828
-1 10420
-1 79663
-1 4377
-1 76459
-1 26425
-1 23937
-1 86150
-1 11138
-1 14564
-1 40097
-1 19460
-1 2271
-1 11164
-1 81394
-1 6174
-1 36483
-1 42231
-1 67591
-1 62896
-1 61180
-1 46885
-1 498
-1 75407
-1 66343
-1 75605
-1 82274
-1 75956
-1 19538
-1 39778
-1 74989
-1 24535
-1 3336
-1 66518
-1 46061
-1 13387
-1 67489
-1 40053
-1 39832
-1 81780
-1 43298
-1 51027
-1 44615
-1 734
-1 14196
-1 43465
-1 44765
-1 13242
-1 84652
-1 72417
-1 58850
-1 61342
-1 53989
-1 31863
-1 60866
-1 34951
-1 3821
-1 5707
-1 17340
-1 87510
-1 63535
-1 63668
-1 79546
-1 49258
-1 13364
-1 16143
-1 31331
-1 67596
-1 58772
-1 10266
-1 33115
-1 70995
-1 60781
-1 68940
-1 60879
-1 75848
-1 32764
-1 68823
-1 10592
-1 50031
-1 8370
-1 51026
-1 41563
-1 82343
-1 20430
-1 40901
-1 54841
-1 36536
-1 46613
-1 26657
-1 80916
-1 20775
-1 51553
-1 35563
-1 65087
-1 63241
-1 80539
-1 68302
-1 42128
-1 49748
-1 78670
-1 65908
-1 40553
-1 63289
-1 40041
-1 67259
-1 42684
-1 65803
-1 2287
-1 57817
-1 86105
-1 13792
-1 20626
-1 16110
-1 23983
-1 2226
-1 75862
-1 14941
-1 32747
-1 86142
-1 77219
-1 22563
-1 74516
-1 68883
-1 36292
-1 2353
-1 50008
-1 14041
-1 9604
-1 65224
-1 60726
-1 43235
-1 83675
-1 72541
-1 70547
-1 2347
-1 69368
-1 14640
-1 37661
-1 59237
-1 80196
-1 60782
-1 42345
-1 11680
-1 78094
-1 14811
-1 3571
-1 7928
-1 74142
-1 86364
-1 33129
-1 76234
-1 16084
-1 3079
-1 34332
-1 60076
-1 16712
-1 72509
-1 85680
-1 23755
-1 57567
-1 47563
-1 66761
-1 46947
-1 66070
-1 5612
-1 52179
-1 40814
-1 7056
-1 11905
-1 87418
-1 18555
-1 51295
-1 57017
-1 50074
-1 54106
-1 5400
-1 54126
-1 51680
-1 70458
-1 77996
-1 1692
-1 69541
-1 11994
-1 7557
-1 74980
-1 86590
-1 19996
-1 10588
-1 10859
-1 40070
-1 16153
-1 18617
-1 83571
-1 10702
-1 67957
-1 60658
-1 54550
-1 18698
-1 31115
-1 73055
-1 58909
-1 51055
-1 31824
-1 78523
-1 14107
-1 31922
-1 31246
-1 16696
-1 32559
-1 49692
-1 9035
-1 10859
-1 35366
-1 7544
-1 38687
-1 65939
-1 87873
-1 71724
-1 15957
-1 88006
-1 60242
-1 84555
-1 48073
-1 68373
-1 81900
-1 8591
-1 38323
-1 62883
-1 75745
-1 87364
-1 1966
-1 11595
-1 39674
-1 16055
-1 278
-1 26140
-1 32415
-1 61900
-1 59140
-1 62371
-1 7797
-1 64939
-1 15966
-1 79317
-1 79388
-1 6216
-1 6203
-1 47151
-1 74315
-1 1787
-1 15509
-1 86826
-1 68429
-1 6583
-1 21518
-1 9720
-1 12979
-1 87368
-1 38934
-1 55174
-1 14247
-1 17742
-1 82237
-1 159
-1 68791
-1 1623
-1 19461
-1 70268
-1 58972
-1 15545
-1 80982
-1 28287
-1 48626
-1 21441
-1 17808
-1 73955
-1 35231
-1 70506
-1 48389
-1 18445
-1 20984
-1 52375
-1 31764
-1 61679
-1 9734
-1 21173
-1 77953
-1 44309
-1 361
-1 44226
-1 85796
-1 13976
-1 46505
-1 32492
-1 12637
-1 78369
-1 81183
-1 52558
-1 53577
-1 34296
-1 12201
-1 47685
-1 20159
-1 21875
-1 64560
-1 2343
-1 52450
-1 14050
-1 75508
-1 39259
-1 68592
-1 28810
-1 59439
-1 12917
-1 69625
-1 43115
-1 49282
-1 54592
-1 42940
-1 21173
-1 2180
-1 53493
-1 4637
-1 35077
-1 41237
-1 58751
-1 69800
-1 84643
-1 6653
-1 49182
-1 15855
-1 56996
-1 2046
-1 35151
-1 84929
-1 74856
-1 45455
-1 60483
-1 64535
-1 63273
-1 3823
-1 43999
-1 66155
-1 45469
-1 24845
-1 2767
-1 17589
-1 46580
-1 12110
-1 4545
-1 84184
-1 64606
-1 70928
-1 77420
-1 78616
-1 2300
-1 31492
-1 17340
-1 42045
-1 11052
-1 84868
-1 86240
-1 30973
-1 7416
-1 66547
-1 75859
-1 77546
-1 72665
-1 56314
-1 2244
-1 56267
-1 18836
-1 65462
-1 66960
-1 28916
-1 79575
-1 18919
-1 61162
-1 16084
-1 19495
-1 9153
-1 43464
-1 62302
-1 3830
-1 15648
-1 79724
-1 40669
-1 20699
-1 37088
-1 82196
-1 64159
-1 7770
-1 16123
-1 74979
-1 4854
-1 59734
-1 22332
-1 55670
-1 66533
-1 58441
-1 36897
-1 3134
-1 26090
-1 57911
-1 57998
-1 75343
-1 20548
-1 14384
-1 21946
-1 77837
-1 47545
-1 87387
-1 38378
-1 58745
-1 59715
-1 78583
-1 50464
-1 45820
-1 20160
-1 30492
-1 84871
-1 53528
-1 4698
-1 63575
-1 71734
-1 19796
-1 53376
-1 15000
-1 55250
-1 24813
-1 16353
-1 68144
-1 75525
-1 4031
-1 45865
-1 73643
-1 20128
-1 36806
-1 66781
-1 56071
-1 47144
-1 13237
-1 68328
-1 30161
-1 39754
-1 57975
-1 56947
-1 76285
-1 22321
-1 68600
-1 30201
-1 79851
-1 87278
-1 30776
-1 33815
-1 58171
-1 57687
-1 72547
-1 83511
-1 30212
-1 49909
-1 21077
-1 77195
-1 20155
-1 69629
-1 75361
-1 63729
-1 778
-1 427
-1 68170
-1 34525
-1 60709
-1 33368
-1 51274
-1 22435
-1 46087
-1 74641
-1 62745
-1 86019
-1 1295
-1 66045
-1 40797
-1 67042
-1 18748
-1 3777
-1 33038
-1 73751
-1 63235
-1 56897
-1 32911
-1 3149
-1 9390
-1 69231
-1 50128
-1 19570
-1 43617
-1 45431
-1 79151
-1 21763
-1 63680
-1 80214
-1 10746
-1 56575
-1 19367
-1 65694
-1 68226
-1 1298
-1 57434
-1 81586
-1 18686
-1 75128
-1 62467
-1 65252
-1 16572
-1 80725
-1 22527
-1 13616
-1 39824
-1 51299
-1 2886
-1 15550
-1 53700
-1 4780
-1 24338
-1 8300
-1 36442
-1 68656
-1 30029
-1 34173
-1 17298
-1 85360
-1 16221
-1 37448
-1 84321
-1 63933
-1 85714
-1 19660
-1 12348
-1 1929
-1 39285
-1 47930
-1 47831
-1 56986
-1 30729
-1 62634
-1 31290
-1 62168
-1 27449
-1 75602
-1 60857
-1 30375
-1 44370
-1 18871
-1 81870
-1 75925
-1 15513
-1 23193
-1 23301
-1 63198
-1 84218
-1 60494
-1 22700
-1 61477
-1 41040
-1 26948
-1 59200
-1 73708
-1 31277
-1 16683
-1 7535
-1 16555
-1 33108
-1 24897
-1 79584
-1 79440
-1 54943
-1 63576
-1 47885
-1 26186
-1 11486
-1 36979
-1 2616
-1 17089
-1 11126
-1 7634
-1 1207
-1 68120
-1 47855
-1 16402
-1 72910
-1 73351
-1 44837
-1 34266
-1 86456
-1 66720
-1 32591
-1 15875
-1 47139
-1 12384
-1 49288
-1 81602
-1 59267
-1 75716
-1 73190
-1 21954
-1 62691
-1 81179
-1 13996
-1 82675
-1 11417
-1 7878
-1 76109
-1 33421
-1 16988
-1 64513
-1 17609
-1 16696
-1 87385
-1 62680
-1 16462
-1 82084
-1 61386
-1 6763
-1 69663
-1 26164
-1 71374
-1 14634
-1 45086
-1 42715
-1 11740
-1 17760
-1 62965
-1 46977
-1 10606
-1 58842
-1 83625
-1 42703
-1 55763
-1 33794
-1 12030
-1 14539
-1 28066
-1 26132
-1 53845
-1 69562
-1 57957
-1 6843
-1 14132
-1 53042
-1 36234
-1 8739
-1 75727
-1 38424
-1 2551
-1 36521
-1 11701
-1 1285
-1 66539
-1 79647
-1 21742
-1 61556
-1 9158
-1 14259
-1 33672
-1 25165
-1 72236
-1 78784
-1 2893
-1 79088
-1 53445
-1 85481
-1 81687
-1 44700
-1 39599
-1 78011
-1 61406
-1 8068
-1 24536
-1 3109
-1 32990
-1 13507
-1 4331
-1 73594
-1 74715
-1 7434
-1 44233
-1 4998
-1 44894
-1 54220
-1 56221
-1 17752
-1 83942
-1 53825
-1 65736
-1 8335
-1 36685
-1 64667
-1 27490
-1 24609
-1 17347
-1 17741
-1 78621
-1 77633
-1 15803
-1 58619
-1 8453
-1 19638
-1 25043
-1 6711
-1 75080
-1 59755
-1 53085
-1 86783
-1 55699
-1 81974
-1 33290
-1 51549
-1 64317
-1 45570
-1 51839
-1 45759
-1 79579
-1 15395
-1 49658
-1 84163
-1 20983
-1 35539
-1 58400
-1 72625
-1 27653
-1 57903
-1 8940
-1 23797
-1 16614
-1 54231
-1 45851
-1 2504
-1 57973
-1 55428
-1 83780
-1 51910
-1 42246
-1 4223
-1 34077
-1 63255
-1 72930
-1 51514
-1 77017
-1 86148
-1 36942
-1 72668
-1 53219
-1 34535
-1 36027
-1 52606
-1 85408
-1 62276
-1 21879
-1 25227
-1 63390
-1 8701
-1 72723
-1 77726
-1 22909
-1 10750
-1 37619
-1 16140
-1 47900
-1 63591
-1 20533
-1 43533
-1 58501
-1 7757
-1 74855
-1 43407
-1 5452
-1 82751
-1 68389
-1 21369
-1 27987
-1 77860
-1 83593
-1 13523
-1 65235
-1 2077
-1 36065
-1 47173
-1 27687
-1 50172
-1 37783
-1 59512
-1 78816
-1 337
-1 60063
-1 66003
-1 31426
-1 40386
-1 39588
-1 63124
-1 20459
-1 43170
-1 36133
-1 67066
-1 22899
-1 23509
-1 81087
-1 53666
-1 68247
-1 59588
-1 70079
-1 59863
-1 61639
-1 65150
-1 29959
-1 36187
-1 84866
-1 4841
-1 82217
-1 69670
-1 47446
-1 40579
-1 32980
-1 20170
-1 3037
-1 24900
-1 47485
-1 38305
-1 65601
-1 8293
-1 77087
-1 86311
-1 24633
-1 56115
-1 3440
-1 26416
-1 76886
-1 67661
-1 74864
-1 66141
-1 40403
-1 79780
-1 76817
-1 31081
-1 4656
-1 315
-1 40825
-1 64081
-1 22502
-1 32505
-1 52192
-1 66138
-1 64068
-1 34095
-1 20034
-1 66464
-1 16987
-1 87641
-1 3695
-1 63399
-1 80438
-1 29737
-1 21513
-1 13762
-1 2714
-1 16935
-1 41224
-1 22497
-1 31791
-1 78927
-1 12460
-1 123
-1 36181
-1 42194
-1 28429
-1 21114
-1 62536
-1 5513
-1 46480
-1 43327
-1 69528
-1 32237
-1 78625
-1 29692
-1 32795
-1 19658
-1 42274
-1 1173
-1 16208
-1 78834
-1 86953
-1 73977
-1 4081
-1 79375
-1 77822
-1 17104
-1 73141
-1 69568
-1 36715
-1 81207
-1 15180
-1 85635
-1 20089
-1 19421
-1 26288
-1 40655
-1 28460
-1 3904
-1 77716
-1 63365
-1 554
-1 56053
-1 37480
-1 3987
-1 75319
-1 74405
-1 34249
-1 34050
-1 85224
-1 69420
-1 56800
-1 9226
-1 35166
-1 17977
-1 82116
-1 35432
-1 28316
-1 29629
-1 16856
-1 77818
-1 85157
-1 42872
-1 58738
-1 51362
-1 35543
-1 62179
-1 7885
-1 46552
-1 31404
-1 46917
-1 56787
-1 56334
-1 79336
-1 49553
-1 42722
-1 49191
-1 41758
-1 73367
-1 65865
-1 2858
-1 78203
-1 1470
-1 11994
-1 64349
-1 79019
-1 52986
-1 22298
-1 50380
-1 39582
-1 39804
-1 69736
-1 83929
-1 19907
-1 35280
-1 8626
-1 14782
-1 82977
-1 55881
-1 57931
-1 6234
-1 3576
-1 38414
-1 29028
-1 67964
-1 47881
-1 59921
-1 8184
-1 53875
-1 9174
-1 50861
-1 3613
-1 75290
-1 5075
-1 26181
-1 62124
-1 54150
-1 81521
-1 73896
-1 78808
-1 9675
-1 61296
-1 65526
-1 83692
-1 87779
-1 9762
-1 36988
-1 33966
-1 52789
-1 40993
-1 8692
-1 85977
-1 8494
-1 80948
-1 19577
-1 49100
-1 21665
-1 59138
-1 39835
-1 39774
-1 29327
-1 77562
-1 32510
-1 82868
-1 86655
-1 43119
-1 19030
-1 71741
-1 17794
-1 41580
-1 38570
-1 72697
-1 936
-1 41515
-1 10009
-1 46487
-1 63296
-1 64836
-1 40490
-1 19964
-1 53856
-1 32342
-1 59743
-1 10746
-1 55452
-1 18562
-1 51526
-1 9804
-1 31315
-1 20900
-1 78316
-1 21903
-1 25911
-1 11130
-1 29250
-1 66916
-1 43765
-1 63505
-1 6599
-1 41871
-1 56586
-1 74643
-1 56558
-1 9262
-1 77103
-1 80440
-1 893
-1 42921
-1 59631
-1 47087
-1 43953
-1 51400
-1 84034
-1 48672
-1 20094
-1 10398
-1 32035
-1 6164
-1 25245
-1 45488
-1 39141
-1 24544
-1 74625
-1 74869
-1 70680
-1 52997
-1 66970
-1 23667
-1 21650
-1 21665
-1 68159
-1 22299
-1 40969
-1 80848
-1 77395
-1 78891
-1 30086
-1 60912
-1 27096
-1 18838
-1 32743
-1 66873
-1 31006
-1 39163
-1 6172
-1 52442
-1 23903
-1 77683
-1 64674
-1 38518
-1 20367
-1 73412
-1 81528
-1 18869
-1 73704
-1 63638
-1 38816
-1 35372
-1 18652
-1 42162
-1 41948
-1 39886
-1 46845
-1 40154
-1 10907
-1 32029
-1 1483
-1 27808
-1 32800
-1 39547
-1 55671
-1 54739
-1 26282
-1 27221
-1 63823
-1 68668
-1 62807
-1 5039
-1 12080
-1 71384
-1 11751
-1 71109
-1 7836
-1 46448
-1 62483
-1 78226
-1 5182
-1 49310
-1 67541
-1 75191
-1 11113
-1 53005
-1 39891
-1 20671
-1 19289
-1 74572
-1 71771
-1 73363
-1 48174
-1 32668
-1 21231
-1 75473
-1 36532
-1 27551
-1 60973
-1 44256
-1 52815
-1 70664
-1 40550
-1 28674
-1 86671
-1 61315
-1 1311
-1 75178
-1 83963
-1 19036
-1 70306
-1 66983
-1 28935
-1 78351
-1 70498
-1 8597
-1 4137
-1 74669
-1 85856
-1 87705
-1 40934
-1 53430
-1 17967
-1 28513
-1 86873
-1 79540
-1 74278
-1 64805
-1 7465
-1 53814
-1 78688
-1 60220
-1 23681
-1 35089
-1 12857
-1 56199
-1 59019
-1 80024
-1 74254
-1 27643
-1 85953
-1 12605
-1 80805
-1 9449
-1 48279
-1 27893
-1 75470
-1 85151
-1 33766
-1 73792
-1 56518
-1 81339
-1 81028
-1 36892
-1 36639
-1 84747
-1 69873
-1 52664
-1 20314
-1 72505
-1 67374
-1 41431
-1 2148
-1 58133
-1 11685
-1 80379
-1 87728
-1 25472
-1 81141
-1 12183
-1 38428
-1 17930
-1 31162
-1 55556
-1 87918
-1 68231
-1 29472
-1 65263
-1 45276
-1 76592
-1 80887
-1 41172
-1 62471
-1 74119
-1 43926
-1 34361
-1 68265
-1 11614
-1 1691
-1 22967
-1 20057
-1 37484
-1 70711
-1 77174
-1 83202
-1 75217
-1 60529
-1 49443
-1 31141
-1 54859
-1 45107
-1 54601
-1 2417
-1 71583
-1 1431
-1 66194
-1 35191
-1 42810
-1 33541
-1 26061
-1 33141
-1 71987
-1 53699
-1 65225
-1 41556
-1 70357
-1 81615
-1 36580
-1 70444
-1 43565
-1 57462
-1 43272
-1 75164
-1 55846
-1 83928
-1 32113
-1 72846
-1 81233
-1 64783
-1 20943
-1 44080
-1 83625
-1 24870
-1 15086
-1 40132
-1 67974
-1 22144
-1 53998
-1 77043
-1 33235
-1 33964
-1 82265
-1 5525
-1 84146
-1 17650
-1 48233
-1 13534
-1 26117
-1 57082
-1 39108
-1 79348
-1 23570
-1 87160
-1 58558
-1 58849
-1 48165
-1 37465
-1 25222
-1 43049
-1 44474
-1 57761
-1 37529
-1 47210
-1 3020
-1 34915
-1 22689
-1 68
-1 38290
-1 62080
-1 6747
-1 80384
-1 45642
-1 55392
-1 26373
-1 63420
-1 70887
-1 86885
-1 41295
-1 58145
-1 86780
-1 4296
-1 61734
-1 63289
-1 18690
-1 71639
-1 46419
-1 48494
-1 62085
-1 32619
-1 7101
-1 85096
-1 68519
-1 11429
-1 59998
-1 16883
-1 1025
-1 75495
-1 56587
-1 19372
-1 23444
-1 26476
-1 79621
-1 57959
-1 39073
-1 81857
-1 53049
-1 56576
-1 70679
-1 68896
-1 33609
-1 73010
-1 87233
-1 75239
-1 78299
-1 60996
-1 67771
-1 79432
-1 62019
-1 30192
-1 39457
-1 5752
-1 16506
-1 48670
-1 71227
-1 35165
-1 17440
-1 43647
-1 30125
-1 82909
-1 14649
-1 79417
-1 1275
-1 23078
-1 75257
-1 57516
-1 62537
-1 16731
-1 74660
-1 81743
-1 72991
-1 33861
-1 1356
-1 78577
-1 22546
-1 39407
-1 6111
-1 87281
-1 68920
-1 48433
-1 84649
-1 23020
-1 22832
-1 12691
-1 58077
-1 18084
-1 49285
-1 22216
-1 1469
-1 65060
-1 77463
-1 35614
-1 12332
-1 62220
-1 59912
-1 88115
-1 6932
-1 70211
-1 43152
-1 61792
-1 32087
-1 5368
-1 58833
-1 40623
-1 58937
-1 71289
-1 8103
-1 30813
-1 54996
-1 49805
-1 42065
-1 31024
-1 74730
-1 57845
-1 25881
-1 77540
-1 36313
-1 8441
-1 30094
-1 26738
-1 80107
-1 39177
-1 80072
-1 15771
-1 10485
-1 40177
-1 39278
-1 48604
-1 12594
-1 56327
-1 36059
-1 15272
-1 39444
-1 77161
-1 45417
-1 75880
-1 30978
-1 48171
-1 14520
-1 56576
-1 43205
-1 77667
-1 49535
-1 8324
-1 12276
-1 83679
-1 31489
-1 21940
-1 6756
-1 49917
-1 39473
-1 48271
-1 26450
-1 20808
-1 83117
-1 63732
-1 25123
-1 3759
-1 7989
-1 69609
-1 3583
-1 76293
-1 52816
-1 49534
-1 52166
-1 7428
-1 75332
-1 87271
-1 13279
-1 68410
-1 10729
-1 69382
-1 5617
-1 47024
-1 43340
-1 48453
-1 3642
-1 21528
-1 47937
-1 26351
-1 57756
-1 20891
-1 17532
-1 59308
-1 43814
-1 50847
-1 69439
-1 64370
-1 59782
-1 79387
-1 35829
-1 13732
-1 11239
-1 31281
-1 86063
-1 61477
-1 87278
-1 13152
-1 77459
-1 16277
-1 79505
-1 10761
-1 3906
-1 50889
-1 13729
-1 59071
-1 70987
-1 68788
-1 46134
-1 33840
-1 35613
-1 68377
-1 7530
-1 45939
-1 42016
-1 80038
-1 38422
-1 13484
-1 79
-1 69298
-1 34606
-1 45779
-1 72970
-1 50290
-1 36411
-1 32780
-1 43461
-1 6273
-1 55142
-1 40288
-1 85089
-1 53392
-1 31723
-1 82367
-1 31817
-1 72886
-1 66557
-1 84847
-1 46587
-1 65050
-1 7049
-1 27190
-1 46879
-1 79870
-1 80284
-1 64975
-1 29634
-1 8198
-1 10641
-1 9851
-1 1561
-1 27540
-1 66252
-1 87061
-1 23783
-1 48020
-1 30366
-1 9298
-1 39326
-1 7452
-1 61110
-1 62069
-1 29684
-1 29162
-1 21283
-1 37537
-1 3702
-1 73888
-1 4272
-1 8527
-1 7805
-1 55187
-1 25911
-1 16062
-1 15289
-1 10701
-1 31006
-1 23982
-1 32230
-1 83714
-1 72978
-1 78118
-1 1943
-1 7341
-1 38694
-1 8086
-1 16904
-1 75157
-1 60327
-1 64307
-1 45578
-1 41448
-1 46207
-1 52089
-1 81538
-1 51009
-1 24959
-1 59161
-1 7768
-1 26628
-1 21654
-1 81351
-1 40154
-1 74517
-1 44941
-1 71537
-1 61773
-1 74395
-1 2139
-1 85095
-1 31995
-1 14878
-1 61426
-1 18604
-1 86722
-1 23296
-1 76541
-1 61183
-1 56644
-1 49901
-1 71508
-1 14460
-1 1262
-1 10190
-1 13013
-1 38457
-1 34443
-1 52615
-1 56090
-1 15433
-1 35566
-1 30276
-1 71373
-1 41193
-1 4385
-1 52536
-1 25066
-1 42439
-1 27961
-1 56523
-1 1800
-1 2483
-1 52590
-1 38313
-1 87616
-1 57880
-1 64027
-1 61700
-1 64711
-1 59865
-1 87145
-1 41982
-1 54230
-1 18107
-1 64820
-1 8938
-1 78412
-1 71457
-1 81874
-1 9616
-1 36226
-1 17004
-1 44092
-1 25630
-1 11147
-1 28387
-1 10336
-1 7271
-1 17466
-1 29090
-1 20629
-1 64358
-1 60992
-1 983
-1 3111
-1 43604
-1 19098
-1 45782
-1 10567
-1 30891
-1 80323
-1 21412
-1 21926
-1 36133
-1 42561
-1 49125
-1 12174
-1 56566
-1 87411
-1 1011
-1 28491
-1 18011
-1 63125
-1 41527
-1 42832
-1 26326
-1 86127
-1 47599
-1 68841
-1 5970
-1 38079
-1 85526
-1 55042
-1 83307
-1 4490
-1 79596
-1 35628
-1 72582
-1 78094
-1 13889
-1 54140
-1 28930
-1 54799
-1 49479
-1 9350
-1 45959
-1 57912
-1 29694
-1 49300
-1 45637
-1 54026
-1 26233
-1 42480
-1 6682
-1 36434
-1 8697
-1 15351
-1 86157
-1 24837
-1 51554
-1 24218
-1 68080
-1 16172
-1 19964
-1 56948
-1 62409
-1 71507
-1 21602
-1 5531
-1 21198
-1 36929
-1 61764
-1 25939
-1 17159
-1 39538
-1 7892
-1 3221
-1 30668
-1 71909
-1 23292
-1 24282
-1 29679
-1 57355
-1 30262
-1 51133
-1 45644
-1 78413
-1 25234
-1 5266
-1 428
-1 83352
-1 26102
-1 41419
-1 42635
-1 47837
-1 54678
-1 20223
-1 38439
-1 40579
-1 8565
-1 46872
-1 63520
-1 73931
-1 80819
-1 45651
-1 14954
-1 30004
-1 67905
-1 77174
-1 55980
-1 78785
-1 50377
-1 42377
-1 67842
-1 45615
-1 65190
-1 80473
-1 35753
-1 37114
-1 43513
-1 84592
-1 82153
-1 56484
-1 20765
-1 70838
-1 63549
-1 27403
-1 4223
-1 87323
-1 51021
-1 53036
-1 67985
-1 62205
-1 41451
-1 44061
-1 66203
-1 22454
-1 73465
-1 39369
-1 85471
-1 54437
-1 27645
-1 23063
-1 5752
-1 68622
-1 61843
-1 32581
-1 14014
-1 10812
-1 15540
-1 34304
-1 77632
-1 72514
-1 45036
-1 53784
-1 66972
-1 53188
-1 27630
-1 11195
-1 15936
-1 15952
-1 26349
-1 21215
-1 13621
-1 49751
-1 51467
-1 22362
-1 27468
-1 21092
-1 54914
-1 53008
-1 53033
-1 21526
-1 60923
-1 69539
-1 18804
-1 80697
-1 66016
-1 30871
-1 11287
-1 25657
-1 57241
-1 25750
-1 43104
-1 68584
-1 87915
-1 3497
-1 46355
-1 38486
-1 15399
-1 45573
-1 66425
-1 16810
-1 493
-1 51885
-1 55282
-1 8989
-1 10369
-1 72469
-1 48898
-1 46820
-1 81491
-1 41961
-1 72227
-1 771
-1 57047
-1 25963
-1 73684
-1 85136
-1 8613
-1 3631
-1 10772
-1 15011
-1 7405
-1 53593
-1 30059
-1 41151
-1 37562
-1 73577
-1 33509
-1 26696
-1 83518
-1 3419
-1 69697
-1 81256
-1 23539
-1 9794
-1 25327
-1 43172
-1 11841
-1 77768
-1 73570
-1 65345
-1 84577
-1 35828
-1 60067
-1 39318
-1 44581
-1 14148
-1 82874
-1 9168
-1 33114
-1 38239
-1 41597
-1 38487
-1 76461
-1 94
-1 6337
-1 14917
-1 44777
-1 24135
-1 9795
-1 9155
-1 44770
-1 8451
-1 13501
-1 61045
-1 37480
-1 20920
-1 87637
-1 77660
-1 45237
-1 14074
-1 82303
-1 60743
-1 71723
-1 43114
-1 71684
-1 82534
-1 56553
-1 12304
-1 61601
-1 14567
-1 76904
-1 48429
-1 80757
-1 34905
-1 81187
-1 69685
-1 63613
-1 81039
-1 78362
-1 75277
-1 69237
-1 24251
-1 47148
-1 38430
-1 25480
-1 76757
-1 43850
-1 56029
-1 56435
-1 20561
-1 1787
-1 58067
-1 53057
-1 13677
-1 60611
-1 80083
-1 46617
-1 26161
-1 6819
-1 21848
-1 8975
-1 42340
-1 84833
-1 28890
-1 84151
-1 47807
-1 69823
-1 38894
-1 10771
-1 49017
-1 32616
-1 78717
-1 23272
-1 375
-1 86201
-1 22534
-1 77680
-1 32559
-1 57613
-1 32256
-1 10114
-1 86210
-1 26076
-1 62313
-1 6866
-1 53306
-1 71341
-1 34923
-1 83821
-1 23869
-1 30103
-1 30897
-1 82819
-1 16253
-1 23331
-1 60468
-1 20506
-1 80302
-1 57759
-1 62657
-1 11779
-1 2022
-1 12160
-1 60809
-1 23673
-1 4434
-1 24420
-1 30790
-1 76417
-1 9820
-1 73353
-1 24134
-1 16456
-1 49590
-1 25639
-1 44141
-1 46338
-1 15640
-1 63325
-1 33874
-1 25616
-1 7029
-1 32508
-1 4726
-1 55048
-1 13349
-1 55674
-1 41856
-1 12092
-1 62505
-1 1878
-1 69558
-1 64574
-1 43369
-1 5523
-1 43678
-1 43515
-1 76179
-1 5542
-1 45348
-1 34398
-1 35010
-1 55637
-1 24931
-1 38093
-1 9365
-1 82783
-1 28003
-1 66241
-1 38317
-1 80694
-1 73093
-1 71895
-1 44623
-1 65453
-1 25798
-1 8333
-1 60738
-1 74997
-1 10591
-1 29377
-1 55787
-1 14339
-1 9391
-1 2487
-1 20819
-1 77212
-1 61239
-1 53261
-1 63767
-1 421
-1 86434
-1 61260
-1 10884
-1 49923
-1 723
-1 3211
-1 33716
-1 41150
-1 57187
-1 52647
-1 55340
-1 33212
-1 65428
-1 46358
-1 14463
-1 50284
-1 2041
-1 48762
-1 75574
-1 4504
-1 77756
-1 40662
-1 54872
-1 3008
-1 26018
-1 46097
-1 82252
-1 32461
-1 48505
-1 75495
-1 12239
-1 35985
-1 84339
-1 58003
-1 17638
-1 78912
-1 57847
-1 65710
-1 214
-1 61658
-1 52415
-1 45511
-1 76466
-1 4520
-1 51623
-1 19825
-1 27476
-1 57790
-1 29521
-1 4570
-1 14569
-1 45763
-1 6546
-1 56501
-1 706
-1 83254
-1 44191
-1 24010
-1 19915
-1 7305
-1 41402
-1 12958
-1 2839
-1 61133
-1 73128
-1 62184
-1 32199
-1 27888
-1 27352
-1 52581
-1 33246
-1 47770
-1 23328
-1 72305
-1 67637
-1 69468
-1 87675
-1 49024
-1 60359
-1 56752
-1 22590
-1 37280
-1 19451
-1 59713
-1 23603
-1 39856
-1 34158
-1 52307
-1 78365
-1 69087
-1 12476
-1 66062
-1 30753
-1 83325
-1 40399
-1 77633
-1 57240
-1 27431
-1 38856
-1 41410
-1 48023
-1 62411
-1 41869
-1 73670
-1 42115
-1 55587
-1 35230
-1 57820
-1 28240
-1 28421
-1 10388
-1 25080
-1 67320
-1 31201
-1 18283
-1 76458
-1 21284
-1 33907
-1 30070
-1 67695
-1 15093
-1 49944
-1 17558
-1 68012
-1 34204
-1 78476
-1 59218
-1 21392
-1 57107
-1 25008
-1 39530
-1 69156
-1 30765
-1 10801
-1 75850
-1 84459
-1 14954
-1 86234
-1 33614
-1 28871
-1 73641
-1 13455
-1 40165
-1 55473
-1 46616
-1 51361
-1 53776
-1 74189
-1 22106
-1 51644
-1 68496
-1 42183
-1 9196
-1 73969
-1 38380
-1 42106
-1 65727
-1 81107
-1 49872
-1 3182
-1 72424
-1 50273
-1 62062
-1 47877
-1 63246
-1 79447
-1 82339
-1 33578
-1 87320
-1 34230
-1 22939
-1 70841
-1 48880
-1 79931
-1 17536
-1 17384
-1 26067
-1 71867
-1 69555
-1 4511
-1 63594
-1 15991
-1 84151
-1 36533
-1 20759
-1 81858
-1 64464
-1 34187
-1 16637
-1 23921
-1 69280
-1 5699
-1 41055
-1 14262
-1 66857
-1 15863
-1 46562
-1 16004
-1 50565
-1 55569
-1 43090
-1 4057
-1 33237
-1 4826
-1 72659
-1 14657
-1 58784
-1 48446
-1 74538
-1 15480
-1 68629
-1 27113
-1 85330
-1 1725
-1 46291
-1 62949
-1 73520
-1 45540
-1 37049
-1 17103
-1 44311
-1 19334
-1 66160
-1 88093
-1 70964
-1 5037
-1 32098
-1 28331
-1 78870
-1 70076
-1 52287
-1 58604
-1 39428
-1 74740
-1 36243
-1 83031
-1 23493
-1 64644
-1 30421
-1 74036
-1 18897
