YES
31 58
24 5
8 61
1 30
65 9
38 40
9 61
5 15
68 38
29 55
17 47
43 10
65 8
2 30
9 9
17 46
1 8
11 61
41 11
56 58
4 57
37 16
1 41
11 47
61 27
1 3
1 43
40 43
50 57
12 36
22 9
1 66
1 64
37 15
15 61
33 5
39 7
54 60
44 47
47 18
11 34
61 26
43 9
1 12
34 35
50 56
20 9
1 53
14 34
14 36
1 62
35 4
62 48
2 16
2 43
45 16
1 20
1 54
1 46
6 45
34 34
1 26
1 21
1 63
24 4
30 21
5 24
5 25
51 30
33 4
5 32
40 42
4 60
59 38
10 48
13 61
2 8
10 61
3 43
51 29
29 54
11 7
2 64
16 16
7 25
61 25
2 63
1 56
65 7
1 58
59 37
63 11
2 12
1 38
8 32
57 32
48 52
38 39
20 8
7 15
44 46
57 31
1 52
24 3
26 8
5 40
15 48
1 27
61 24
3 30
6 61
6 60
57 30
30 20
8 45
8 49
11 5
17 45
63 10
16 34
1 59
54 59
30 19
1 67
17 44
19 40
18 11
9 15
1 65
7 18
2 38
3 21
6 57
3 20
12 15
6 50
6 47
3 29
1 11
2 59
29 53
26 7
3 64
16 15
67 7
39 6
2 54
30 18
8 50
17 61
5 22
31 57
12 9
67 6
7 24
7 61
11 51
19 61
4 43
48 51
45 15
1 17
5 42
11 4
3 8
65 6
2 11
14 15
1 39
21 61
10 32
65 5
2 58
50 55
8 51
16 14
13 47
2 66
5 61
1 10
9 47
55 25
6 1
2 27
3 11
5 29
2 10
50 54
10 23
48 50
5 11
54 58
12 61
4 8
29 52
51 28
60 66
54 57
35 3
5 19
8 42
64 45
5 20
67 5
12 31
61 23
7 47
47 17
5 12
64 44
1 2
2 53
10 50
33 3
18 34
25 38
1 61
2 2
3 54
30 17
4 61
4 53
13 7
15 47
2 61
56 57
2 41
13 50
66 40
2 62
3 62
5 47
4 30
8 29
43 8
31 56
20 34
12 47
23 61
2 26
10 45
1 28
55 24
11 68
51 27
60 65
5 37
1 44
5 34
5 30
3 63
5 16
10 49
2 39
17 43
56 56
50 53
64 43
13 4
10 42
49 20
8 37
3 61
68 37
68 36
42 44
16 36
6 34
14 12
30 16
30 15
59 36
32 30
4 63
3 66
4 54
46 51
60 64
1 47
1 35
14 47
29 51
5 63
13 48
25 37
2 14
10 24
52 64
34 33
66 39
2 65
18 10
20 7
44 45
34 32
18 9
9 18
5 14
2 56
50 52
11 50
31 55
65 4
3 41
3 2
4 47
14 48
28 20
6 53
55 23
19 39
8 40
1 33
8 47
45 14
16 47
52 63
58 4
51 26
27 51
44 44
67 4
15 15
64 42
53 33
13 5
58 3
60 63
37 14
2 46
12 34
18 36
7 19
64 41
5 43
37 13
1 34
10 25
7 13
15 4
9 1
13 9
6 63
27 50
25 36
3 38
3 17
6 43
15 5
7 20
8 57
19 47
8 60
3 10
5 17
13 45
18 15
4 2
14 11
15 7
12 18
35 2
65 3
7 34
9 19
25 35
7 5
34 31
4 62
3 59
5 10
26 6
1 5
37 12
12 32
3 26
14 31
7 43
2 44
5 2
65 2
59 35
10 47
3 44
7 10
46 50
7 16
18 8
3 27
4 66
2 28
4 59
20 15
5 6
4 41
2 52
12 19
14 10
7 17
36 42
6 5
66 38
5 5
40 41
10 51
5 66
25 61
68 35
6 30
10 29
11 1
9 17
3 56
27 49
13 49
54 56
8 34
3 39
41 10
10 40
14 19
38 38
4 64
14 9
5 26
4 56
13 1
7 30
5 59
7 14
4 34
68 34
7 11
30 14
46 49
2 3
15 46
9 20
27 61
5 54
59 34
7 36
5 36
3 47
13 51
15 1
23 39
3 34
10 37
17 7
10 34
63 9
61 22
16 19
11 57
16 13
16 31
44 43
17 1
18 7
8 30
55 22
5 62
2 33
52 62
68 33
4 27
20 6
26 5
21 44
4 44
47 16
26 4
9 34
13 40
47 15
5 27
5 64
42 43
6 27
6 64
5 44
9 11
68 32
8 53
4 5
3 46
32 29
18 6
13 57
4 46
5 31
1 36
3 5
12 25
35 1
17 4
1 31
15 49
6 62
17 49
1 7
4 3
12 20
44 42
18 31
63 8
7 64
51 25
9 63
3 52
14 45
9 10
4 52
16 45
18 5
10 30
24 2
34 30
12 29
41 9
43 7
4 36
22 8
12 10
63 7
26 3
11 63
21 47
54 55
18 19
15 9
13 68
51 24
16 12
53 32
19 7
9 13
61 21
27 48
5 46
45 13
2 55
12 11
2 67
37 11
67 3
12 37
17 5
58 2
53 31
3 33
5 21
6 66
31 54
20 5
3 67
68 31
5 7
24 1
13 39
12 24
43 6
51 23
18 4
12 8
15 51
13 63
8 5
3 28
53 30
7 31
6 46
12 17
55 21
20 31
9 5
10 5
6 52
26 2
22 7
5 8
14 18
8 36
19 45
31 53
7 66
1 4
21 7
16 18
4 28
15 68
4 33
47 14
7 46
27 47
3 36
58 1
9 16
45 12
13 10
28 19
24 7
56 55
14 20
9 64
4 38
62 47
22 31
12 23
38 37
23 38
55 20
29 50
53 29
19 5
53 28
23 47
39 5
27 46
30 13
19 49
14 29
4 39
9 36
53 27
15 63
8 26
12 13
53 26
21 5
25 34
6 3
61 20
16 29
13 11
16 11
21 49
13 37
23 37
9 14
7 8
14 8
62 46
63 6
6 6
22 6
47 13
5 33
14 23
28 18
43 5
65 1
11 49
20 4
23 49
9 31
46 48
25 49
15 45
6 2
31 52
66 37
62 45
19 4
5 38
6 59
21 43
12 30
51 22
10 36
23 36
43 4
16 10
7 7
1 68
11 64
16 20
9 6
14 13
10 31
17 63
2 47
51 21
11 48
5 28
1 48
42 42
23 5
67 2
13 64
57 29
53 25
9 8
5 39
3 31
24 68
13 36
34 29
66 36
4 35
8 52
24 67
19 1
20 36
8 66
8 43
14 17
7 27
53 24
7 59
14 40
5 41
18 18
4 31
21 45
52 61
15 44
2 34
8 27
20 19
15 13
13 35
11 60
7 21
42 41
18 13
22 36
61 19
16 9
53 23
44 41
37 10
6 39
22 15
8 46
64 40
62 44
64 39
6 38
64 38
6 33
53 22
10 21
37 9
6 54
46 47
11 8
24 66
14 32
14 30
35 68
12 21
22 5
50 51
48 49
41 8
7 12
15 11
11 46
14 25
43 3
22 4
47 12
7 38
4 65
18 3
25 33
15 57
19 63
8 38
15 43
22 34
21 42
37 8
36 41
7 2
25 47
27 45
11 53
16 30
4 7
23 45
18 29
41 7
7 39
6 28
26 49
5 56
24 34
51 20
25 32
45 11
12 16
13 34
16 23
9 12
14 37
7 33
9 27
30 12
29 49
1 23
24 31
56 54
23 35
26 47
18 20
29 61
64 37
11 52
32 28
24 15
28 17
14 7
20 29
15 50
16 17
16 40
48 48
12 12
15 10
23 34
21 41
43 2
26 15
35 67
17 11
14 16
13 52
1 9
25 31
8 39
15 16
20 13
9 46
30 11
12 14
8 31
47 11
18 30
36 40
25 5
26 31
54 54
23 33
6 44
10 26
65 68
47 10
47 9
17 10
20 20
9 62
20 10
17 57
61 18
16 37
31 51
21 40
28 47
47 8
58 68
8 33
54 53
55 19
13 60
8 59
28 16
20 30
46 46
28 31
31 61
11 62
24 36
17 48
2 5
17 50
65 67
50 50
55 18
18 23
20 23
8 7
17 9
6 41
62 43
31 50
8 2
15 42
15 64
20 3
40 40
26 1
5 35
58 67
35 66
12 26
14 26
65 66
14 14
11 45
27 44
16 8
59 33
11 43
47 7
57 28
4 58
22 23
6 56
18 17
4 4
44 40
65 65
9 3
14 24
38 36
29 48
16 24
10 20
21 39
18 24
40 39
9 66
34 28
61 17
65 64
30 47
6 58
41 6
20 18
26 36
14 6
20 2
8 41
19 38
9 43
39 4
27 5
9 2
13 62
54 52
20 24
15 14
16 25
12 7
18 16
12 6
10 46
39 3
59 32
18 37
49 19
7 56
10 27
36 39
22 19
66 35
35 65
28 36
8 4
7 22
53 21
18 25
2 36
16 32
17 68
11 3
20 37
1 51
18 40
8 54
4 55
58 66
19 57
59 31
27 15
13 53
25 45
28 49
26 68
19 68
21 63
10 43
20 40
36 38
19 9
14 21
57 27
48 47
8 58
7 44
34 27
24 65
2 31
15 60
48 46
8 35
15 41
13 42
21 57
7 4
10 19
9 38
57 26
15 62
45 10
32 61
17 42
33 2
60 62
22 20
18 2
42 40
6 36
18 32
22 3
11 59
29 15
22 18
22 37
21 9
50 49
10 18
54 51
10 35
19 48
7 28
14 42
4 67
24 19
11 6
64 36
6 67
45 9
22 24
21 38
24 23
19 50
35 64
8 56
68 30
13 43
30 31
11 27
30 36
23 32
10 39
30 49
9 7
12 39
13 33
24 24
25 30
17 51
4 68
41 5
3 7
13 12
25 29
38 35
9 4
41 4
5 4
32 47
24 37
11 54
12 27
8 68
14 43
13 27
8 28
16 42
29 47
59 30
20 16
65 63
17 41
10 66
49 18
37 7
14 39
11 42
52 60
43 1
16 7
65 62
6 31
19 42
27 43
26 24
5 68
29 46
66 34
33 1
10 33
39 2
31 15
24 18
21 68
1 49
13 6
11 58
9 28
8 44
46 45
3 4
43 68
15 53
30 10
66 33
40 38
21 48
34 47
40 37
36 47
12 5
32 36
10 22
33 68
17 64
25 28
13 32
23 68
56 53
63 5
38 34
2 7
20 11
43 67
10 38
5 48
16 39
66 32
1 18
34 61
15 12
23 31
26 37
19 37
18 1
16 26
45 8
25 27
13 8
3 68
13 46
14 27
16 27
22 10
26 23
15 40
54 50
24 9
6 7
6 65
22 16
17 62
43 66
60 61
53 20
37 6
15 52
24 16
59 29
10 17
23 30
8 48
37 5
32 27
28 15
57 25
16 21
18 39
45 7
18 68
54 49
19 36
3 48
47 6
26 19
43 65
11 66
38 47
12 22
1 13
26 45
13 54
10 2
19 35
22 11
15 39
59 28
29 5
26 16
58 65
18 27
9 67
9 44
19 62
50 48
52 59
23 57
9 65
13 58
34 26
18 21
11 41
27 19
16 6
37 4
18 12
16 43
10 16
64 35
20 21
11 2
3 23
18 67
10 41
17 60
21 50
44 39
51 19
24 64
16 5
9 68
20 32
17 53
13 3
33 15
16 4
20 25
26 34
12 66
22 21
40 36
28 37
31 5
15 58
11 40
45 6
7 68
11 67
28 24
23 29
19 60
26 67
47 5
68 29
30 37
15 37
68 28
34 36
21 62
49 17
7 48
59 27
19 43
23 50
40 35
20 12
3 9
10 28
24 21
26 66
49 16
10 15
22 12
14 46
9 60
6 4
15 54
18 14
20 14
40 47
40 34
59 26
32 49
10 14
28 14
23 63
22 30
32 5
61 16
18 66
13 59
21 60
35 5
51 18
6 68
66 31
28 45
17 54
6 55
9 56
22 2
10 56
12 35
24 63
15 6
36 61
10 13
25 63
55 17
53 19
3 51
6 48
8 55
28 13
19 53
28 12
25 26
42 39
26 65
6 23
29 19
19 51
28 34
15 36
44 38
11 39
63 4
28 23
46 44
24 62
54 48
63 3
26 64
11 55
20 39
33 67
36 37
22 1
24 20
11 38
55 16
34 49
57 24
25 50
12 4
20 27
6 9
13 67
58 64
38 61
35 63
13 2
30 23
50 47
26 21
28 21
27 42
3 49
30 9
44 37
45 5
16 3
33 66
47 4
31 19
15 8
22 14
24 12
27 16
31 49
19 54
11 65
64 34
6 51
9 59
32 31
4 48
15 2
44 36
21 54
19 34
3 18
18 65
42 38
23 28
51 17
17 2
6 49
30 45
51 16
20 1
21 4
59 25
22 29
23 60
46 43
14 5
26 9
26 63
17 52
42 37
68 27
22 39
19 2
50 46
22 25
12 3
62 42
43 64
35 62
23 27
67 1
68 26
60 60
67 68
6 42
21 1
23 1
25 25
31 23
22 68
17 8
6 40
60 59
40 33
19 64
24 11
46 42
30 34
23 62
25 24
50 45
38 33
18 26
11 37
13 65
41 3
11 56
45 4
24 61
12 38
27 9
41 2
10 12
68 25
48 45
39 1
54 47
13 55
15 67
66 30
33 23
13 41
17 40
54 46
16 46
24 29
58 63
14 41
23 54
67 67
36 49
14 4
15 35
60 58
15 55
19 33
53 18
10 44
32 26
15 59
17 39
19 52
21 53
22 67
15 3
37 3
47 3
17 55
42 47
24 30
22 32
40 61
34 25
26 18
61 15
19 46
12 2
12 56
21 2
21 64
3 13
51 15
24 14
5 23
24 25
58 62
32 34
25 60
11 44
18 64
8 25
25 57
21 51
26 12
26 30
20 42
42 61
23 53
68 24
27 12
23 42
60 57
27 63
6 37
11 28
25 68
21 52
32 45
26 50
30 24
16 41
59 24
27 68
27 18
26 11
17 58
37 2
27 11
65 61
25 7
19 58
50 44
67 66
62 41
24 60
22 27
25 53
15 65
29 16
33 31
6 35
14 22
20 68
29 11
55 15
34 24
39 68
2 4
23 51
44 35
34 45
23 4
36 5
57 23
5 9
5 51
44 34
12 33
48 44
59 23
13 44
29 12
17 59
27 7
25 62
38 32
6 32
36 36
54 45
11 36
48 43
31 24
55 14
35 31
9 58
17 67
22 66
36 45
38 45
8 24
31 48
63 2
23 2
35 23
40 32
33 65
21 37
35 36
10 11
14 33
27 53
59 22
61 14
38 49
21 36
24 27
24 32
28 50
22 65
25 2
23 48
21 35
29 7
13 38
12 28
3 1
14 3
16 2
41 1
41 68
23 52
20 26
40 31
22 13
14 44
45 3
1 1
23 64
17 3
19 8
55 13
21 58
59 21
36 35
31 12
63 1
9 57
13 31
61 13
26 32
29 18
19 32
27 41
20 17
25 54
16 33
36 34
19 55
27 57
26 29
29 21
23 58
15 34
14 35
30 50
55 12
40 49
6 29
21 46
25 52
26 14
28 32
9 55
13 66
16 1
42 36
2 68
37 1
25 39
12 1
64 33
9 54
46 41
29 63
49 15
20 67
34 23
40 30
36 33
13 30
18 33
22 64
11 35
28 11
25 58
27 14
29 14
28 29
27 58
22 63
3 50
57 22
6 26
19 31
16 35
54 44
63 68
51 14
5 49
31 11
30 8
52 58
43 47
52 57
42 35
21 55
49 14
36 32
64 32
27 54
10 10
33 19
13 56
25 4
27 40
49 13
23 40
22 17
57 21
42 34
25 1
32 37
19 3
31 14
4 23
20 33
29 58
30 29
27 1
51 13
25 42
19 59
24 17
43 63
9 53
62 40
35 61
39 67
16 22
42 33
23 55
22 26
24 26
29 57
23 26
31 18
25 55
25 48
6 25
38 31
6 24
33 24
18 63
21 59
15 56
17 6
18 22
21 8
14 66
8 23
27 55
31 21
21 34
30 58
37 68
28 55
33 12
13 28
14 2
59 20
26 39
28 54
24 59
32 58
17 56
4 9
37 67
29 1
25 40
20 22
35 60
4 51
67 65
8 22
33 14
14 28
66 29
12 68
59 19
57 20
8 21
55 11
26 20
19 56
58 61
10 9
60 56
61 12
54 43
35 12
11 33
39 66
32 50
48 42
30 32
27 2
45 47
52 56
24 58
23 25
38 30
1 50
31 29
17 65
52 55
49 12
29 9
8 20
31 16
28 10
22 33
4 49
33 64
34 50
37 66
36 50
20 66
24 8
22 62
34 58
26 25
16 68
15 28
8 19
23 24
54 42
28 25
33 63
30 25
47 2
58 60
61 11
37 23
12 67
6 22
33 29
33 11
32 32
60 55
18 62
57 19
18 35
39 23
31 1
14 38
36 31
4 18
46 40
7 23
63 67
34 22
14 1
15 66
64 31
56 52
23 46
19 6
28 53
22 22
25 23
7 9
3 45
25 64
27 62
26 17
65 60
64 30
30 53
32 25
35 29
16 28
33 62
66 28
27 64
44 33
24 22
21 56
33 21
63 66
56 51
28 9
14 68
33 18
24 33
16 66
15 33
20 43
46 39
43 62
67 64
30 57
64 29
26 26
35 19
36 30
19 41
48 41
43 61
12 65
52 54
68 23
12 64
29 2
33 32
47 1
27 20
35 14
26 22
23 23
31 2
21 33
38 29
27 4
4 13
26 42
42 32
22 61
31 25
8 18
28 39
25 8
38 28
10 8
61 10
36 14
32 24
42 31
53 17
41 23
28 22
31 7
39 65
30 22
33 16
26 40
32 2
35 15
27 52
20 35
27 60
33 7
34 2
29 60
21 3
29 4
23 22
57 18
28 26
27 8
53 16
36 29
30 7
35 59
23 3
66 27
26 27
40 45
41 67
20 65
62 39
20 64
36 12
65 59
35 32
33 34
53 15
41 66
37 32
16 44
19 67
35 24
4 1
26 33
61 9
23 59
29 20
18 61
31 63
2 48
65 58
64 28
58 59
9 52
19 30
2 23
9 51
47 68
2 9
49 11
17 37
35 7
1 45
32 57
35 34
20 41
37 19
38 27
29 62
7 6
27 17
30 55
32 63
37 24
64 27
24 10
49 10
13 29
40 29
36 28
30 39
8 17
33 61
32 1
26 62
23 43
23 56
25 22
26 10
14 67
21 6
17 28
28 30
22 35
44 61
28 8
27 39
25 56
10 7
31 9
59 18
20 63
34 1
44 32
23 21
10 6
7 3
2 51
39 14
45 2
67 63
29 17
25 51
39 64
42 30
15 38
17 66
11 32
67 62
17 36
31 62
36 58
9 50
52 53
37 29
21 67
1 42
38 5
24 6
39 29
16 38
28 52
39 19
46 61
19 65
19 29
30 6
59 17
28 33
55 10
24 57
41 65
35 11
18 28
35 58
19 44
19 28
8 16
29 8
66 26
15 32
18 60
19 66
37 36
35 57
20 28
23 67
21 65
3 42
54 41
48 40
26 61
31 22
55 9
31 17
27 38
25 3
3 40
33 60
61 8
19 27
32 55
23 65
67 61
39 63
31 60
55 8
40 28
32 60
30 52
3 37
31 47
2 49
17 38
38 26
18 59
36 1
37 31
33 17
39 31
3 32
18 38
52 52
23 41
28 7
36 15
22 28
31 8
16 67
34 37
2 18
1 40
43 23
50 43
41 14
32 53
41 31
65 57
20 38
52 51
50 42
20 44
27 37
35 21
33 59
26 48
33 25
64 26
39 24
32 52
35 37
25 41
30 33
38 50
33 8
35 17
45 1
47 67
66 25
10 4
23 44
43 14
40 5
24 13
41 24
60 54
28 6
9 49
54 40
56 50
31 20
34 55
25 46
29 45
53 14
41 19
66 24
34 60
25 67
41 64
37 65
63 65
28 40
28 27
26 51
39 36
27 56
68 22
35 16
30 40
41 29
35 18
31 4
26 13
43 60
29 44
36 16
22 60
42 45
48 61
51 12
42 49
43 29
38 25
39 15
30 5
9 48
8 15
41 63
44 49
51 11
25 59
32 33
65 56
24 28
4 50
19 26
39 16
32 39
62 38
18 58
7 1
38 1
18 57
34 53
39 12
67 60
30 27
41 15
41 62
31 27
62 37
28 51
18 56
63 64
33 22
18 55
37 34
45 49
8 14
25 43
59 16
33 9
46 38
32 23
53 13
27 36
44 31
33 20
44 14
36 11
61 7
10 3
30 51
46 14
39 62
42 5
16 65
17 35
39 61
46 37
48 39
37 17
39 11
27 10
10 1
40 1
21 66
35 22
25 21
46 36
37 22
67 59
27 59
39 32
52 50
61 6
43 19
16 64
33 58
25 65
23 66
29 10
67 58
37 21
55 7
36 2
1 37
32 40
38 24
39 60
55 6
54 39
36 53
39 22
16 63
33 33
34 21
11 31
41 61
59 15
39 34
32 51
39 59
43 45
42 29
25 44
42 28
41 34
25 6
47 66
30 4
2 13
14 65
20 62
4 45
36 7
35 9
33 57
19 25
26 46
44 5
34 51
25 20
41 12
32 22
7 67
65 55
26 28
24 56
22 38
60 53
45 29
29 56
21 32
50 61
39 58
27 67
25 66
32 62
37 37
46 35
31 10
37 18
28 48
35 25
7 65
28 28
38 23
33 10
47 65
36 55
34 40
5 18
48 38
38 22
26 43
51 10
45 68
26 44
12 63
23 20
28 44
43 24
17 34
26 41
43 12
11 30
41 60
45 67
42 1
23 19
29 68
47 29
30 48
62 36
30 26
27 66
32 48
22 59
28 43
28 41
9 45
34 57
41 32
7 63
27 6
38 53
49 9
38 21
41 16
60 52
43 34
30 30
12 62
30 41
55 5
35 8
9 42
28 5
27 65
30 54
36 27
36 57
31 46
30 43
28 4
30 56
34 52
29 65
43 32
31 68
23 18
40 11
40 50
40 53
67 57
62 35
37 25
30 3
36 51
31 45
67 56
35 56
59 14
45 32
60 51
29 59
26 60
31 26
39 25
37 64
38 57
38 51
41 25
33 56
43 11
17 33
45 66
38 58
31 59
20 61
52 49
60 50
61 5
13 26
35 40
47 47
45 24
40 57
2 1
25 19
35 33
12 60
24 35
39 37
36 8
38 2
4 42
38 7
49 8
36 60
35 10
38 55
29 6
39 8
48 14
3 25
32 4
30 44
12 59
27 3
24 55
7 62
29 64
21 31
34 4
29 66
46 34
24 54
22 58
33 55
40 58
36 4
33 27
22 57
35 20
43 31
14 64
29 67
34 62
2 50
31 6
32 68
36 52
64 25
40 8
63 63
30 28
37 63
31 65
39 21
7 60
29 3
32 54
53 12
14 63
33 6
28 3
57 17
62 34
40 51
31 30
51 9
33 54
34 48
33 26
32 65
60 49
47 32
37 20
39 18
28 2
45 19
47 24
11 29
46 33
49 32
46 5
32 56
40 2
31 44
46 32
4 40
30 2
34 63
41 36
35 55
35 6
45 65
28 1
38 60
31 64
44 12
34 56
49 7
32 64
50 41
26 35
65 54
11 26
9 41
35 26
31 28
35 27
31 67
41 21
24 53
7 58
66 23
4 37
15 31
36 63
16 62
49 29
36 56
62 33
20 60
34 39
5 13
36 62
16 61
30 1
67 55
17 32
40 55
45 64
58 58
38 56
17 31
16 60
41 22
31 66
42 55
44 30
44 11
8 13
13 25
60 48
42 8
40 56
34 68
62 32
33 28
36 10
18 54
42 50
66 22
31 3
60 47
41 18
35 28
32 21
38 63
62 31
49 6
12 58
2 45
57 16
49 47
6 21
32 66
33 53
47 49
29 43
45 23
5 3
63 62
47 23
36 48
32 67
42 57
34 20
33 30
43 16
62 30
19 24
35 30
39 10
3 24
38 62
37 62
37 28
3 22
29 42
18 53
6 20
26 59
49 5
50 29
34 67
51 47
23 17
44 57
7 57
32 44
38 20
32 3
45 34
42 53
24 38
53 11
37 61
52 29
37 33
33 52
27 13
63 61
29 13
58 57
26 58
56 49
34 66
8 12
48 37
48 36
66 21
46 31
4 32
62 29
42 56
46 11
46 57
29 41
48 35
47 64
38 48
35 54
48 57
26 38
40 60
23 16
43 25
34 65
34 64
46 12
40 48
7 55
36 6
10 68
66 20
49 57
47 19
51 57
27 35
67 54
68 21
62 28
32 59
36 68
45 63
34 3
37 40
45 31
4 29
35 53
39 20
49 4
35 39
2 42
39 40
44 16
37 26
61 4
37 27
39 26
68 20
49 23
28 35
62 27
47 34
43 59
39 28
28 38
62 26
33 51
33 50
46 30
10 67
42 60
51 61
39 57
38 4
4 26
42 2
68 19
9 40
28 46
36 67
32 41
44 8
67 53
33 49
34 19
49 49
42 58
44 55
32 43
45 62
21 30
44 60
40 27
12 57
36 65
43 58
40 7
25 18
41 37
42 27
57 15
36 64
63 60
12 55
48 12
38 52
55 4
30 38
54 38
31 43
50 40
10 65
40 52
49 24
15 30
52 48
31 13
43 57
17 30
34 59
68 18
67 52
40 62
39 27
47 63
46 60
38 65
54 37
46 16
40 63
2 40
55 3
53 57
39 56
54 61
67 51
51 49
51 32
8 11
39 33
48 34
48 60
43 56
44 58
57 14
42 62
38 64
56 48
21 29
64 24
42 7
41 28
36 66
2 37
43 18
50 14
32 38
52 47
44 56
66 19
43 28
45 61
46 58
58 56
52 32
37 60
53 49
2 32
42 51
60 46
2 25
61 3
47 62
48 58
27 34
50 39
62 25
16 59
15 29
36 3
48 33
63 59
37 39
47 31
53 47
41 20
63 58
16 58
4 25
34 43
59 13
42 52
44 1
41 59
20 59
49 31
30 46
38 67
41 27
50 23
38 6
55 29
40 10
48 19
43 22
1 32
40 64
39 55
43 27
27 33
33 13
42 63
41 33
52 23
48 32
50 58
30 35
10 64
43 20
16 57
12 54
48 5
58 55
61 2
23 15
40 67
55 47
43 36
45 45
37 30
45 22
48 11
5 1
24 52
5 67
41 26
34 44
60 45
50 19
34 18
28 42
32 46
40 6
61 1
42 26
34 41
3 19
50 11
22 56
36 44
53 10
52 46
6 19
35 13
43 26
30 42
47 45
23 14
32 35
40 26
44 7
43 15
36 43
47 22
68 17
36 59
32 42
21 28
45 20
65 53
45 25
51 8
36 26
57 47
55 49
1 25
46 7
36 9
49 34
61 68
42 48
28 68
14 62
37 59
55 32
51 31
32 20
39 39
17 29
44 51
45 36
42 64
42 6
47 25
42 67
45 27
5 65
37 58
38 68
43 55
49 22
55 57
44 64
42 25
38 19
68 16
63 57
12 53
7 54
46 29
48 31
34 42
42 10
66 18
38 66
44 15
37 57
16 56
38 3
47 27
49 27
16 55
50 27
31 42
14 61
55 2
34 46
45 60
44 10
36 46
3 16
38 18
36 13
44 50
51 34
44 52
26 57
47 36
47 61
48 30
35 41
37 56
62 24
45 59
43 33
29 40
13 24
9 39
67 50
52 19
40 4
58 54
63 56
42 24
15 27
33 48
44 6
52 27
17 27
31 41
66 17
40 65
34 38
50 22
45 28
39 9
55 1
38 17
48 29
14 60
53 9
46 56
20 58
3 15
44 53
58 53
35 38
1 24
47 28
43 37
59 12
45 58
54 36
45 33
33 47
47 33
58 52
61 67
44 62
37 55
21 27
33 35
12 52
41 58
15 26
46 10
11 25
26 56
17 26
37 38
32 19
44 63
41 57
41 40
54 19
13 23
34 17
48 7
29 39
60 44
39 17
43 21
43 40
31 40
40 3
50 38
17 25
55 68
42 3
29 38
40 68
53 8
39 30
60 43
49 33
41 39
44 48
50 24
55 27
50 60
50 12
53 34
52 11
29 37
68 15
56 61
56 27
42 68
46 62
11 24
9 37
28 67
28 66
46 8
57 57
40 25
46 64
52 24
38 43
42 65
35 35
63 55
44 68
53 7
35 52
51 58
40 9
66 16
59 47
27 32
2 24
33 46
17 24
18 52
44 2
46 1
14 59
2 22
59 11
51 33
41 17
54 11
34 54
38 44
21 26
54 23
52 45
46 15
48 15
68 14
56 11
56 29
38 59
19 23
13 22
52 44
40 44
63 54
55 67
7 53
61 66
64 23
43 17
45 17
39 13
39 54
58 29
52 43
56 47
47 60
53 6
8 10
19 22
37 54
49 3
16 54
2 19
48 56
45 26
46 55
20 57
53 5
17 23
50 15
36 25
52 42
27 31
67 49
62 23
36 54
65 52
38 46
49 45
1 22
21 25
65 51
42 9
39 43
44 65
41 56
55 66
11 23
38 41
53 4
52 41
58 51
46 6
20 56
35 42
37 35
35 51
40 59
39 38
44 29
52 22
43 39
36 24
49 25
47 26
55 65
45 40
42 4
24 51
57 13
21 24
45 57
58 27
32 18
65 50
57 49
44 67
58 50
46 53
33 45
22 55
45 21
41 30
61 65
30 68
49 28
49 26
41 44
37 53
46 28
46 67
42 23
2 15
50 25
23 13
48 16
29 36
52 40
33 44
32 17
46 17
46 27
38 42
39 42
21 23
20 55
61 29
6 18
46 26
40 66
21 22
44 4
37 52
2 6
45 50
23 12
63 53
20 54
18 51
40 46
48 67
9 35
15 25
39 41
52 25
41 55
46 52
61 64
37 51
41 43
40 24
46 25
34 16
47 20
58 11
47 50
28 65
6 17
16 53
3 14
41 41
44 3
52 14
41 42
56 46
49 50
54 14
46 63
48 55
48 1
36 23
67 48
63 52
11 22
63 51
45 51
50 16
8 9
49 55
46 2
46 65
59 10
30 67
63 29
48 53
38 16
38 54
58 49
47 21
59 9
50 7
45 48
29 35
50 26
49 21
48 63
2 60
6 16
14 58
68 13
18 50
7 52
49 2
59 8
45 56
56 23
44 9
16 52
14 57
29 34
55 34
11 21
64 22
22 54
23 11
17 22
54 24
33 43
48 8
48 64
34 15
56 14
52 26
51 50
64 21
56 19
47 52
67 47
42 59
44 59
51 45
39 53
43 41
61 63
46 3
25 17
61 62
68 12
40 54
47 48
14 56
9 33
55 26
52 7
3 12
45 18
48 65
4 24
41 38
28 64
45 41
38 15
50 63
60 42
57 12
58 48
50 5
37 50
51 55
40 23
53 58
9 32
46 9
39 35
48 62
46 4
29 33
38 14
52 31
52 16
48 9
31 39
42 66
46 68
48 6
28 63
3 6
61 47
45 39
41 13
24 50
50 64
41 35
42 54
49 53
43 30
65 49
50 62
48 17
51 7
30 66
51 63
43 44
56 45
62 22
47 40
66 15
56 44
53 45
50 6
56 24
55 31
8 8
49 1
59 7
39 52
48 68
47 59
53 55
42 22
65 48
55 55
6 15
47 41
45 44
54 35
43 13
49 56
50 28
64 20
68 11
62 21
38 13
18 49
60 27
1 19
11 20
46 59
2 57
11 19
45 37
16 51
44 28
44 54
4 22
45 30
28 62
49 40
51 40
42 21
48 4
53 3
52 15
47 44
63 27
15 24
58 24
43 35
21 21
5 60
59 57
43 42
42 20
48 2
10 63
67 46
31 38
41 54
54 22
54 34
53 40
7 51
7 50
55 58
50 21
21 20
13 21
51 6
20 53
47 37
19 21
25 16
46 54
40 22
35 50
63 50
50 4
47 58
47 51
4 21
51 64
52 4
50 2
51 56
58 47
55 45
42 46
11 18
52 2
24 49
46 18
5 58
52 33
51 5
35 49
57 55
68 10
48 59
41 53
52 28
60 11
31 37
48 20
34 14
59 49
35 48
44 13
56 31
43 46
47 39
49 39
43 43
49 52
64 19
65 47
39 51
43 38
45 35
50 17
49 51
53 56
48 28
27 30
11 17
8 6
54 7
17 21
41 52
59 6
27 29
49 44
8 3
24 48
60 41
58 19
39 50
45 38
8 1
54 64
1 15
11 16
49 37
37 49
51 44
34 13
55 56
36 22
27 28
18 48
56 22
51 37
12 51
54 4
56 7
50 8
52 12
50 9
49 48
35 47
53 44
50 67
48 54
47 57
56 64
50 37
49 36
12 50
52 39
45 55
45 46
47 30
35 46
13 20
68 9
50 59
47 46
60 40
14 55
4 20
44 27
31 36
58 46
3 3
44 26
58 22
48 18
50 65
50 20
53 2
58 45
54 16
1 6
53 37
35 45
49 46
21 19
67 45
57 58
56 16
25 15
50 68
17 20
54 12
44 66
48 27
46 13
59 5
5 57
55 37
50 36
45 42
43 54
60 39
7 49
57 61
51 52
52 68
47 38
7 45
51 39
28 61
48 3
36 21
59 4
52 5
49 68
31 35
53 39
38 12
56 43
47 42
59 3
55 39
67 44
58 44
63 49
56 32
25 14
47 56
49 38
6 14
54 68
47 55
1 60
43 53
22 53
56 26
57 56
59 58
49 42
55 33
8 67
55 64
22 52
54 2
50 1
68 8
11 15
27 27
34 12
18 47
52 65
57 45
1 57
52 8
51 48
49 67
42 19
10 62
53 48
43 52
57 34
64 18
36 20
59 55
65 29
62 11
21 18
28 60
21 17
44 25
53 52
49 30
51 51
58 23
65 46
50 30
32 16
52 9
25 13
51 42
62 55
58 14
56 68
54 33
60 14
52 30
55 52
45 43
51 62
54 32
51 59
50 18
47 35
19 20
19 19
54 65
57 64
64 47
51 60
27 26
42 18
3 65
47 43
27 25
32 15
18 46
16 50
18 45
55 44
66 47
48 10
50 35
55 28
53 59
49 41
57 39
49 35
48 13
52 18
52 1
43 51
42 17
49 43
67 43
34 11
51 36
9 30
50 13
52 67
60 23
53 42
55 40
56 28
58 32
56 42
56 41
64 17
60 19
52 38
11 14
63 14
51 43
44 24
27 24
53 1
48 26
7 42
56 4
22 51
21 16
22 50
5 55
21 15
61 61
34 10
5 53
55 48
17 19
54 62
50 3
51 35
46 66
27 23
67 42
27 22
57 11
43 50
59 39
14 54
51 41
4 19
62 57
13 19
53 41
57 37
52 6
58 37
2 35
57 33
57 10
56 65
9 29
56 62
51 53
56 2
53 68
53 36
52 21
58 16
17 18
19 18
58 33
34 9
65 14
60 24
55 63
29 32
54 8
30 65
50 10
51 4
58 26
8 65
54 63
52 20
54 21
11 13
56 40
29 31
54 6
57 65
57 68
52 13
52 17
59 64
49 66
61 33
3 60
33 42
62 64
62 20
40 21
65 27
22 49
2 29
59 61
42 16
63 33
57 44
61 39
33 41
57 40
40 20
60 26
56 8
11 12
13 18
54 15
32 14
39 49
52 10
23 10
28 59
51 46
53 50
20 52
31 34
66 14
43 49
56 59
58 31
2 21
54 13
14 53
10 60
59 65
56 15
55 36
67 41
39 48
51 38
61 60
20 51
3 58
18 44
57 59
22 48
13 17
15 23
49 65
59 59
20 50
57 36
55 30
29 30
49 54
60 16
30 64
57 48
58 36
38 11
40 19
54 9
53 67
56 13
15 22
61 31
19 17
15 21
53 46
68 7
56 63
66 13
63 23
54 31
56 39
24 47
29 29
57 2
25 12
20 49
50 34
53 43
59 45
54 17
61 59
17 17
46 24
53 60
37 48
54 20
59 2
51 54
60 68
1 29
66 12
51 3
45 54
56 20
56 9
55 42
61 36
58 43
54 5
62 65
61 58
11 11
61 57
10 59
60 38
9 26
10 58
54 67
44 23
53 53
55 53
64 57
4 17
60 2
62 58
58 42
39 47
9 25
33 40
59 48
65 11
36 19
55 62
54 10
57 9
59 56
49 64
37 47
62 61
19 16
54 30
53 38
55 43
61 56
33 39
50 33
52 3
57 63
24 46
32 13
42 15
54 29
58 9
67 29
58 28
1 16
58 7
58 15
53 66
22 47
18 43
36 18
24 45
59 63
41 51
22 46
55 46
62 56
49 63
51 2
42 14
46 23
62 19
56 67
46 22
54 3
30 63
12 49
58 20
57 42
63 31
4 16
55 61
56 21
3 57
7 41
33 38
64 58
60 9
34 8
57 8
62 68
19 15
12 48
11 10
56 6
16 49
39 46
26 55
51 1
54 25
48 25
53 51
20 48
64 65
29 28
56 60
48 24
57 60
63 26
58 8
51 68
60 37
57 62
55 51
65 45
41 50
59 42
58 6
46 21
60 36
55 38
55 41
56 3
56 17
62 18
22 45
56 38
63 24
57 67
58 34
19 14
57 38
64 55
37 46
57 46
60 7
58 17
4 15
62 17
61 34
8 64
4 14
59 40
8 63
20 47
59 62
23 9
61 45
53 54
61 48
64 16
62 9
57 53
32 12
53 35
60 15
57 4
54 28
61 55
56 12
61 28
13 16
4 12
60 35
55 35
40 18
65 26
56 25
60 67
53 65
14 52
57 35
48 66
61 54
55 60
60 17
33 37
57 41
63 48
26 54
24 44
67 40
32 11
54 18
50 66
44 22
45 53
59 60
17 16
61 42
64 61
56 37
56 30
66 11
22 44
62 16
12 46
61 37
62 59
58 38
62 60
49 62
63 16
2 20
44 21
63 17
31 33
60 4
57 7
62 63
62 49
57 52
59 44
37 45
7 40
64 15
66 61
13 15
56 18
65 17
61 32
56 10
64 64
64 59
61 44
59 52
63 15
10 57
51 67
41 49
28 58
64 68
39 45
57 43
30 62
25 11
60 22
58 13
31 32
62 15
60 20
56 5
62 2
62 14
23 8
7 37
29 27
64 63
55 50
25 10
60 34
58 30
62 52
63 45
26 53
62 62
58 10
34 7
62 67
58 41
57 50
9 24
64 14
63 44
59 1
5 52
34 6
60 10
32 10
65 23
60 33
57 51
64 52
21 14
53 64
27 21
62 4
64 49
25 9
59 51
59 46
54 1
66 64
63 19
55 54
40 17
21 13
59 43
63 28
5 50
49 61
66 63
64 13
19 13
7 35
24 43
12 45
68 6
61 40
44 20
15 20
68 5
58 35
66 68
61 46
22 43
66 57
6 13
66 59
57 54
29 26
42 13
22 42
66 65
33 36
1 14
29 25
3 55
60 6
61 53
58 12
61 43
58 5
63 36
61 52
19 12
60 8
64 60
40 16
43 48
56 36
66 55
31 31
67 39
64 56
11 9
60 5
59 41
64 62
52 66
64 9
29 24
64 12
21 12
63 20
64 48
47 54
56 1
60 32
58 21
13 14
54 27
1 55
64 46
36 17
61 30
7 32
68 64
12 44
65 44
54 66
9 23
67 14
56 66
59 53
48 23
66 58
63 32
62 8
63 30
2 17
10 55
53 63
40 15
50 32
56 35
28 57
18 42
18 41
12 43
68 4
68 61
66 60
46 20
23 7
62 53
21 11
60 12
4 11
65 31
62 5
60 21
20 46
14 51
63 47
42 12
57 1
63 12
63 43
50 31
60 1
6 12
44 19
65 33
57 3
66 56
15 19
41 48
62 51
66 48
59 54
60 31
64 51
24 42
68 3
46 19
62 54
40 14
29 23
66 49
38 10
64 54
68 2
4 10
15 18
4 6
61 41
63 42
24 41
3 53
60 30
49 60
63 40
65 40
41 47
53 62
66 54
51 66
66 45
49 59
64 5
60 13
5 45
30 61
65 43
19 11
17 15
66 43
58 40
63 41
65 16
63 37
26 52
60 3
68 63
8 62
44 18
67 9
65 37
63 46
61 35
65 19
44 17
10 54
66 62
59 68
63 39
41 46
58 25
37 44
62 7
67 27
30 60
60 29
61 51
62 10
57 66
63 22
63 21
58 39
65 30
32 9
68 58
59 50
65 20
65 24
12 42
62 6
66 52
65 28
35 44
68 40
68 65
64 4
66 5
63 13
68 57
40 13
14 50
62 3
65 39
21 10
67 31
22 41
48 22
42 11
37 43
29 22
68 59
6 11
64 67
67 17
65 36
59 66
68 49
62 66
67 28
32 8
64 2
19 10
66 2
37 42
32 7
54 26
61 38
65 32
62 13
68 43
7 29
64 53
68 1
47 53
65 15
64 11
63 34
63 35
58 18
17 14
66 42
60 18
66 10
66 4
64 66
67 20
23 6
22 40
67 32
60 25
57 6
62 50
65 12
68 39
68 55
62 1
63 38
68 52
67 23
7 26
56 34
63 18
38 9
66 51
64 50
66 50
24 40
17 13
39 44
67 19
56 33
48 21
67 16
52 37
66 9
67 24
17 12
61 50
12 41
68 56
65 42
64 3
60 28
68 62
65 13
64 8
68 42
65 22
51 65
10 53
65 34
49 58
37 41
57 5
9 22
67 30
68 47
35 43
67 34
64 7
14 49
66 66
66 46
67 36
68 60
16 48
68 48
52 36
66 7
45 52
65 21
64 1
3 35
10 52
67 22
64 10
28 56
38 8
52 35
68 45
65 41
32 6
41 45
66 44
62 12
24 39
68 54
66 41
67 8
67 21
66 8
65 10
67 37
68 68
13 13
40 12
68 66
67 15
67 12
64 6
68 51
66 53
63 25
67 10
68 46
65 25
65 38
9 21
68 53
66 67
34 5
68 41
67 13
65 35
61 49
67 11
53 61
12 40
20 45
6 10
65 18
67 26
52 34
68 67
68 50
67 33
67 18
55 59
67 25
15 17
6 8
59 67
67 35
68 44
66 1
67 38
66 6
30 59
66 3
