YES
3 6
1 18
1 9
12 17
5 17
3 17
9 1
3 8
3 13
17 8
6 17
1 3
10 4
3 12
17 7
1 19
2 9
18 12
14 6
1 5
19 15
17 6
16 19
2 19
13 2
3 5
3 2
1 1
2 17
18 11
8 17
18 10
2 16
3 16
1 17
5 13
14 5
15 14
4 2
17 5
6 14
1 15
19 14
5 12
3 9
2 18
12 16
8 10
7 10
19 13
6 8
14 4
10 3
2 1
2 15
7 17
14 3
3 1
1 13
13 1
19 12
16 18
15 17
10 10
4 17
11 10
2 13
5 10
8 13
5 7
4 9
18 9
13 19
12 15
2 11
5 9
2 12
3 11
18 8
2 10
13 18
4 1
2 3
16 17
19 11
6 16
5 5
5 1
3 3
2 7
8 8
15 13
7 6
10 6
4 13
12 14
9 19
8 14
10 2
6 11
4 12
11 8
8 12
9 18
4 3
6 13
11 12
7 18
9 17
2 4
3 15
11 7
15 12
5 3
17 4
15 11
2 14
15 10
3 19
12 13
14 10
8 16
6 9
5 6
1 12
5 4
7 5
11 13
1 10
19 17
16 16
6 1
7 19
9 16
7 2
16 15
7 9
17 10
13 6
15 9
8 11
19 10
5 2
10 1
6 15
12 12
11 6
11 11
4 10
8 9
18 7
7 16
13 17
15 8
17 3
12 11
4 7
2 6
15 7
1 7
6 12
15 6
14 12
13 16
19 9
11 5
7 7
12 10
18 6
15 5
11 4
8 19
7 8
7 15
12 19
16 14
12 9
3 18
9 2
10 5
3 10
9 15
9 14
10 19
19 8
18 5
17 2
8 7
16 13
1 4
6 3
14 11
19 7
11 16
5 19
14 13
14 2
17 1
10 7
18 4
16 12
7 3
19 6
16 11
8 6
16 10
17 19
8 5
15 16
2 8
11 3
8 15
10 18
12 8
6 10
2 5
6 7
7 4
17 18
9 4
13 5
17 12
14 7
12 7
16 9
7 14
11 15
13 15
9 9
7 13
11 14
8 4
10 17
14 1
4 6
7 1
10 16
10 15
8 1
11 2
18 3
15 4
10 9
9 13
9 3
1 14
12 1
6 6
14 19
4 4
10 14
6 18
18 2
11 9
15 3
4 19
15 2
13 4
5 18
4 18
13 14
19 5
8 18
5 16
13 13
19 4
7 12
13 12
12 18
15 19
10 8
15 15
10 13
14 18
13 11
13 10
16 5
6 5
16 1
14 9
16 6
10 12
4 16
17 17
17 9
9 12
1 6
15 18
4 15
7 11
12 6
18 1
5 15
15 1
19 19
14 8
14 17
13 3
5 14
1 8
19 18
5 11
4 14
18 19
19 3
13 9
3 7
4 11
18 18
1 2
19 16
12 2
6 4
11 1
16 8
18 13
17 16
4 8
17 11
18 17
10 11
18 16
12 5
11 19
8 3
9 11
9 10
17 15
2 2
16 7
6 2
16 3
14 16
14 14
1 16
9 8
11 18
9 7
19 2
19 1
1 11
17 14
12 4
16 4
4 5
11 17
3 4
9 6
3 14
12 3
14 15
5 8
13 8
18 15
18 14
6 19
9 5
16 2
17 13
13 7
8 2
