651 88325
-1 83006
-1 51675
63593 -1
85571 -1
51034 -1
-1 49268
50997 -1
33481 -1
61865 -1
72971 -1
83093 -1
-1 31479
-1 72278
12706 -1
-1 6303
54776 -1
47939 -1
-1 66078
50236 -1
4469 -1
-1 64348
-1 78101
36682 -1
4505 -1
65206 -1
37889 -1
-1 45170
30780 -1
3110 -1
-1 83182
39772 -1
-1 54192
-1 79507
36225 -1
12640 -1
-1 81618
5609 -1
-1 61689
-1 27964
-1 23668
13340 -1
65632 -1
49156 -1
85010 -1
41943 -1
20031 -1
19604 -1
86397 -1
22273 -1
81180 -1
-1 50959
81602 -1
14993 -1
27289 -1
-1 61748
-1 48965
27573 -1
-1 39544
46745 -1
21526 -1
44658 -1
54106 -1
26020 -1
6105 -1
69858 -1
86865 -1
-1 70089
34127 -1
71706 -1
72334 -1
-1 73733
9613 -1
10326 -1
39991 -1
40936 -1
61165 -1
-1 48476
60011 -1
-1 22137
63239 -1
35493 -1
14573 -1
5336 -1
36520 -1
47377 -1
55021 -1
31826 -1
3252 -1
18222 -1
-1 85023
-1 82263
51878 -1
-1 56318
-1 32267
77788 -1
25175 -1
-1 82196
-1 9467
26464 -1
15295 -1
32593 -1
71479 -1
-1 71789
14861 -1
-1 18175
-1 29325
15002 -1
-1 19034
-1 10309
-1 57430
56489 -1
2268 -1
5189 -1
80442 -1
23960 -1
32427 -1
-1 85690
-1 10875
-1 81288
31834 -1
-1 66853
79621 -1
-1 48490
35408 -1
67988 -1
61691 -1
-1 57993
46041 -1
-1 79347
860 -1
-1 72712
-1 55550
-1 65100
-1 71844
48108 -1
-1 4034
-1 62742
16159 -1
37784 -1
-1 56878
74972 -1
-1 80560
33776 -1
7106 -1
44413 -1
-1 42455
36197 -1
85749 -1
-1 15737
-1 83788
11380 -1
81907 -1
-1 1103
17190 -1
-1 15532
73693 -1
-1 47137
-1 49453
55895 -1
86731 -1
51940 -1
-1 35815
86299 -1
85560 -1
28984 -1
39476 -1
-1 63439
-1 63664
3070 -1
64594 -1
-1 80771
-1 66406
-1 62196
-1 70145
16388 -1
19823 -1
75473 -1
-1 29675
54162 -1
-1 7949
2336 -1
-1 87578
-1 84297
79707 -1
76178 -1
-1 15451
58541 -1
41089 -1
5378 -1
-1 39492
59551 -1
-1 54062
-1 17123
-1 5008
40566 -1
39174 -1
-1 61665
-1 431
35854 -1
31068 -1
-1 7406
50640 -1
-1 42681
-1 13376
28834 -1
23646 -1
21671 -1
76906 -1
-1 67161
70224 -1
51064 -1
-1 21667
5397 -1
16926 -1
-1 70775
-1 6184
-1 68749
25915 -1
25681 -1
42139 -1
-1 26891
-1 72672
-1 84838
38189 -1
37383 -1
66767 -1
5818 -1
22018 -1
-1 14073
745 -1
-1 45164
33311 -1
75720 -1
-1 57920
3822 -1
42373 -1
55463 -1
78835 -1
14265 -1
51341 -1
-1 62194
72156 -1
70054 -1
-1 51776
70099 -1
81268 -1
9610 -1
16746 -1
24975 -1
26306 -1
21200 -1
14361 -1
-1 35505
82181 -1
34091 -1
34546 -1
13422 -1
-1 41099
43735 -1
31955 -1
40418 -1
23555 -1
-1 23361
-1 38617
30867 -1
-1 34805
-1 29165
16997 -1
21871 -1
-1 43189
41577 -1
43156 -1
19559 -1
55825 -1
62535 -1
82821 -1
63164 -1
50051 -1
-1 27681
23172 -1
-1 24197
-1 22430
77508 -1
42880 -1
5066 -1
-1 64106
-1 43214
51746 -1
82418 -1
-1 74686
87039 -1
-1 72798
-1 11943
-1 85600
70297 -1
1475 -1
34028 -1
-1 74156
-1 25500
-1 72320
44928 -1
34006 -1
31831 -1
-1 5603
-1 53257
29824 -1
58619 -1
40761 -1
11211 -1
17479 -1
-1 61275
29682 -1
8140 -1
-1 32419
65045 -1
-1 56643
68316 -1
-1 49699
6538 -1
46072 -1
-1 27518
-1 71659
-1 70044
-1 50303
-1 4545
76162 -1
69313 -1
-1 31726
8148 -1
-1 71631
-1 37141
21607 -1
-1 3765
12769 -1
40666 -1
54191 -1
66587 -1
-1 69618
6764 -1
66222 -1
50451 -1
21467 -1
7539 -1
79563 -1
3532 -1
-1 15925
-1 16578
50671 -1
35291 -1
-1 62703
79075 -1
28128 -1
58406 -1
-1 38016
71522 -1
-1 47833
3929 -1
-1 50917
62279 -1
-1 43336
22657 -1
74995 -1
58682 -1
86774 -1
50920 -1
-1 34429
32169 -1
-1 56138
15820 -1
-1 12440
40057 -1
49945 -1
6992 -1
4682 -1
-1 6830
-1 86039
41650 -1
-1 67535
-1 16701
-1 74158
40401 -1
60997 -1
46162 -1
31708 -1
-1 66296
-1 59875
26759 -1
25391 -1
9929 -1
58268 -1
7254 -1
-1 58932
32919 -1
51792 -1
84962 -1
29911 -1
50334 -1
24093 -1
67141 -1
56726 -1
17184 -1
-1 45965
28666 -1
13128 -1
-1 37787
82525 -1
-1 17602
40313 -1
2177 -1
23486 -1
13382 -1
40591 -1
62882 -1
74504 -1
62239 -1
78436 -1
4645 -1
38374 -1
-1 71315
66571 -1
81869 -1
-1 64180
-1 62890
-1 20377
26774 -1
-1 66856
32401 -1
87137 -1
42674 -1
-1 70214
6249 -1
-1 55218
3398 -1
15648 -1
74167 -1
85667 -1
-1 60186
67132 -1
-1 78088
87364 -1
-1 35154
24829 -1
64228 -1
42456 -1
-1 59549
66579 -1
-1 21637
35979 -1
80580 -1
82769 -1
-1 58743
-1 87658
14491 -1
81700 -1
-1 30491
21008 -1
27559 -1
-1 26792
76875 -1
59875 -1
45032 -1
61870 -1
24531 -1
81425 -1
14112 -1
15449 -1
-1 78911
86738 -1
55398 -1
-1 81518
41128 -1
21582 -1
84924 -1
58628 -1
18289 -1
-1 33813
-1 34154
31958 -1
62937 -1
17603 -1
44839 -1
42199 -1
-1 51424
66811 -1
21595 -1
57197 -1
-1 60088
61746 -1
-1 14272
-1 82501
11385 -1
37655 -1
32365 -1
38017 -1
66860 -1
23461 -1
54095 -1
51791 -1
35083 -1
11767 -1
20811 -1
2955 -1
14690 -1
55130 -1
59569 -1
61644 -1
-1 20145
54659 -1
22608 -1
-1 74695
-1 80617
-1 70500
-1 12191
73204 -1
-1 14225
54567 -1
57519 -1
69291 -1
-1 17616
-1 27161
-1 82274
62313 -1
73525 -1
-1 63424
61074 -1
-1 70700
48521 -1
61082 -1
-1 7754
-1 7421
-1 13751
70222 -1
-1 82364
-1 57909
-1 4777
26087 -1
-1 64121
26801 -1
62160 -1
-1 28438
20915 -1
58191 -1
80419 -1
51172 -1
55471 -1
7123 -1
-1 81868
50888 -1
34127 -1
63898 -1
28595 -1
-1 1445
-1 51242
62497 -1
87297 -1
-1 77769
50158 -1
72645 -1
-1 3245
20992 -1
-1 30502
35191 -1
-1 78166
61837 -1
31132 -1
-1 18122
-1 34054
-1 74801
48936 -1
-1 21974
79890 -1
85512 -1
37833 -1
44713 -1
11121 -1
-1 64936
3375 -1
-1 39751
-1 72106
40118 -1
26895 -1
68945 -1
35399 -1
1329 -1
-1 26209
1347 -1
-1 16505
36865 -1
-1 77809
84800 -1
40538 -1
27495 -1
-1 59962
36642 -1
85430 -1
-1 58596
54553 -1
58494 -1
59599 -1
-1 5673
59135 -1
38295 -1
84332 -1
-1 5907
-1 62733
7296 -1
-1 40522
69925 -1
82864 -1
19698 -1
82742 -1
76663 -1
36275 -1
26420 -1
8280 -1
80339 -1
59679 -1
87716 -1
-1 70065
-1 15662
70076 -1
-1 2804
-1 34396
-1 21200
-1 58939
-1 44068
-1 3555
66758 -1
86521 -1
69623 -1
-1 44686
-1 42957
75740 -1
70736 -1
2859 -1
-1 35045
-1 61901
24130 -1
26918 -1
65490 -1
32479 -1
38436 -1
20045 -1
-1 78381
45302 -1
6996 -1
30050 -1
-1 85301
-1 30573
52991 -1
19912 -1
