YES
1 83006
1 51675
63593 88010
85571 87919
51034 88074
1 49268
50997 88075
33481 88163
61865 88022
72971 87971
83093 87928
1 31479
1 72278
12706 88272
1 6303
54776 88057
47939 88090
1 66078
50236 88082
4469 88307
1 64348
1 78101
36682 88142
4505 88306
65206 88005
37889 88136
1 45170
30780 88181
3110 88314
1 83182
39772 88128
1 54192
1 79507
36225 88146
12640 88273
1 81618
5609 88298
1 61689
1 27964
1 23668
13340 88269
65632 88003
49156 88086
85010 87923
41943 88111
20031 88237
19604 88241
86397 87915
22273 88222
81180 87942
1 50959
81602 87939
14993 88259
27289 88194
1 61748
1 48965
27573 88191
1 39544
46745 88092
21526 88229
44658 88101
54106 88063
26020 88204
6105 88296
69858 87986
86865 87910
1 70089
34127 88158
71706 87975
72334 87973
1 73733
9613 88281
10326 88279
39991 88127
40936 88116
61165 88027
1 48476
60011 88031
1 22137
63239 88011
35493 88150
14573 88262
5336 88301
36520 88144
47377 88091
55021 88056
31826 88176
3252 88313
18222 88244
1 85023
1 82263
51878 88067
1 56318
1 32267
77788 87954
25175 88208
1 82196
1 9467
26464 88200
15295 88257
32593 88166
71479 87977
1 71789
14861 88260
1 18175
1 29325
15002 88258
1 19034
1 10309
1 57430
56489 88049
2268 88319
5189 88302
80442 87944
23960 88214
32427 88168
1 85690
1 10875
1 81288
31834 88174
1 66853
79621 87949
1 48490
35408 88151
67988 87992
61691 88025
1 57993
46041 88095
1 79347
860 88324
1 72712
1 55550
1 65100
1 71844
48108 88089
1 4034
1 62742
16159 88253
37784 88138
1 56878
74972 87965
1 80560
33776 88162
7106 88290
44413 88102
1 42455
36197 88147
85749 87917
1 15737
1 83788
11380 88276
81907 87936
1 1103
17190 88247
1 15532
73693 87968
1 47137
1 49453
55895 88050
86731 87913
51940 88066
1 35815
86299 87916
85560 87920
28984 88186
39476 88129
1 63439
1 63664
3070 88315
64594 88007
1 80771
1 66406
1 62196
1 70145
16388 88252
19823 88239
75473 87963
1 29675
54162 88062
1 7949
2336 88318
1 87578
1 84297
79707 87948
76178 87959
1 15451
58541 88041
41089 88115
5378 88300
1 39492
59551 88036
1 54062
1 17123
1 5008
40566 88120
39174 88130
1 61665
1 431
35854 88149
31068 88179
1 7406
50640 88079
1 42681
1 13376
28834 88187
23646 88215
21671 88225
76906 87956
1 67161
70224 87980
51064 88073
1 21667
5397 88299
16926 88250
1 70775
1 6184
1 68749
25915 88205
25681 88206
42139 88110
1 26891
1 72672
1 84838
38189 88134
37383 88140
66767 87997
5818 88297
22018 88223
1 14073
745 88325
1 45164
33311 88164
75720 87962
1 57920
3822 88309
42373 88108
55463 88053
78835 87952
14265 88265
51341 88071
1 62194
72156 87974
70054 87984
1 51776
70099 87982
81268 87941
9610 88282
16746 88251
24975 88209
26306 88202
21200 88231
14361 88264
1 35505
82181 87935
34091 88159
34546 88156
13422 88267
1 41099
43735 88103
31955 88173
40418 88122
23555 88216
1 23361
1 38617
30867 88180
1 34805
1 29165
16997 88249
21871 88224
1 43189
41577 88113
43156 88104
19559 88242
55825 88051
62535 88015
82821 87930
63164 88012
50051 88084
1 27681
23172 88219
1 24197
1 22430
77508 87955
42880 88105
5066 88303
1 64106
1 43214
51746 88070
82418 87934
1 74686
87039 87909
1 72798
1 11943
1 85600
70297 87979
1475 88321
34028 88160
1 74156
1 25500
1 72320
44928 88098
34006 88161
31831 88175
1 5603
1 53257
29824 88184
58619 88040
40761 88117
11211 88277
17479 88246
1 61275
29682 88185
8140 88285
1 32419
65045 88006
1 56643
68316 87991
1 49699
6538 88294
46072 88094
1 27518
1 71659
1 70044
1 50303
1 4545
76162 87960
69313 87988
1 31726
8148 88284
1 71631
1 37141
21607 88226
1 3765
12769 88271
40666 88118
54191 88061
66587 87999
1 69618
6764 88293
66222 88002
50451 88080
21467 88230
7539 88286
79563 87950
3532 88310
1 15925
1 16578
50671 88078
35291 88153
1 62703
79075 87951
28128 88190
58406 88043
1 38016
71522 87976
1 47833
3929 88308
1 50917
62279 88018
1 43336
22657 88220
74995 87964
58682 88038
86774 87911
50920 88076
1 34429
32169 88171
1 56138
15820 88254
1 12440
40057 88126
49945 88085
6992 88292
4682 88304
1 6830
1 86039
41650 88112
1 67535
1 16701
1 74158
40401 88123
60997 88030
46162 88093
31708 88177
1 66296
1 59875
26759 88199
25391 88207
9929 88280
58268 88044
7254 88288
1 58932
32919 88165
51792 88068
84962 87924
29911 88183
50334 88081
24093 88213
67141 87993
56726 88048
17184 88248
1 45965
28666 88188
13128 88270
1 37787
82525 87933
1 17602
40313 88124
2177 88320
23486 88217
13382 88268
40591 88119
62882 88014
74504 87966
62239 88019
78436 87953
4645 88305
38374 88132
1 71315
66571 88001
81869 87937
1 64180
1 62890
1 20377
26774 88198
1 66856
32401 88169
87137 87908
42674 88106
1 70214
6249 88295
1 55218
3398 88311
15648 88255
74167 87967
85667 87918
1 60186
67132 87994
1 78088
87364 87906
1 35154
24829 88210
64228 88008
42456 88107
1 59549
66579 88000
1 21637
35979 88148
80580 87943
82769 87931
1 58743
1 87658
14491 88263
81700 87938
1 30491
21008 88232
27559 88192
1 26792
76875 87957
59875 88032
45032 88097
61870 88021
24531 88211
81425 87940
14112 88266
15449 88256
1 78911
86738 87912
55398 88054
1 81518
41128 88114
21582 88228
84924 87925
58628 88039
18289 88243
1 33813
1 34154
31958 88172
62937 88013
17603 88245
44839 88099
42199 88109
1 51424
66811 87996
21595 88227
57197 88047
1 60088
61746 88024
1 14272
1 82501
11385 88275
37655 88139
32365 88170
38017 88135
66860 87995
23461 88218
54095 88064
51791 88069
35083 88155
11767 88274
20811 88235
2955 88316
14690 88261
55130 88055
59569 88035
61644 88026
1 20145
54659 88058
22608 88221
1 74695
1 80617
1 70500
1 12191
73204 87970
1 14225
54567 88059
57519 88046
69291 87989
1 17616
1 27161
1 82274
62313 88017
73525 87969
1 63424
61074 88029
1 70700
48521 88088
61082 88028
1 7754
1 7421
1 13751
70222 87981
1 82364
1 57909
1 4777
26087 88203
1 64121
26801 88197
62160 88020
1 28438
20915 88234
58191 88045
80419 87945
51172 88072
55471 88052
7123 88289
1 81868
50888 88077
34127 88157
63898 88009
28595 88189
1 1445
1 51242
62497 88016
87297 87907
1 77769
50158 88083
72645 87972
1 3245
20992 88233
1 30502
35191 88154
1 78166
61837 88023
31132 88178
1 18122
1 34054
1 74801
48936 88087
1 21974
79890 87947
85512 87921
37833 88137
44713 88100
11121 88278
1 64936
3375 88312
1 39751
1 72106
40118 88125
26895 88196
68945 87990
35399 88152
1329 88323
1 26209
1347 88322
1 16505
36865 88141
1 77809
84800 87926
40538 88121
27495 88193
1 59962
36642 88143
85430 87922
1 58596
54553 88060
58494 88042
59599 88034
1 5673
59135 88037
38295 88133
84332 87927
1 5907
1 62733
7296 88287
1 40522
69925 87985
82864 87929
19698 88240
82742 87932
76663 87958
36275 88145
26420 88201
8280 88283
80339 87946
59679 88033
87716 87905
1 70065
1 15662
70076 87983
1 2804
1 34396
1 21200
1 58939
1 44068
1 3555
66758 87998
86521 87914
69623 87987
1 44686
1 42957
75740 87961
70736 87978
2859 88317
1 35045
1 61901
24130 88212
26918 88195
65490 88004
32479 88167
38436 88131
20045 88236
1 78381
45302 88096
6996 88291
30050 88182
1 85301
1 30573
52991 88065
19912 88238
